class,filename,xmin,ymin,xmax,ymax,height,width
room,614_1.png,2108,387,2202,413,26,94
room,614_1.png,2443,443,2532,499,56,89
room,614_1.png,2649,445,2704,476,31,55
room,614_1.png,2678,716,2754,747,31,76
room,614_1.png,2596,971,2718,1003,32,122
room,614_1.png,2275,396,2341,425,29,66
room,614_1.png,2280,304,2385,334,30,105
room,615_1.png,1001,452,1111,483,31,110
room,615_1.png,818,605,928,646,41,110
room,615_1.png,1027,615,1136,655,40,109
room,615_1.png,889,1115,1001,1153,38,112
room,615_1.png,1007,830,1109,870,40,102
room,615_1.png,2054,469,2157,507,38,103
room,615_1.png,2477,418,2626,466,48,149
room,615_1.png,2505,858,2613,897,39,108
room,615_1.png,667,414,748,450,36,81
room,615_1.png,2253,416,2335,457,41,82
room,616_1.png,889,442,953,476,34,64
room,616_1.png,867,947,977,986,39,110
room,616_1.png,617,377,678,407,30,61
room,616_1.png,469,474,570,504,30,101
room,616_1.png,2008,460,2108,495,35,100
room,616_1.png,2442,865,2539,903,38,97
room,616_1.png,2559,387,2676,421,34,117
room,616_1.png,2088,404,2184,428,24,96
room,617_1.png,494,450,594,519,69,100
room,617_1.png,644,450,768,514,64,124
room,617_1.png,1369,437,1490,495,58,121
room,617_1.png,1846,450,1984,513,63,138
room,617_1.png,810,396,924,457,61,114
room,617_1.png,2134,467,2255,533,66,121
room,617_1.png,2081,370,2201,432,62,120
room,617_1.png,1195,417,1288,481,64,93
room,617_1.png,617,911,908,1028,117,291
room,617_1.png,1353,906,1655,1031,125,302
room,617_1.png,2128,899,2436,1032,133,308
room,617_1.png,1029,490,1132,554,64,103
room,618_1.png,1092,468,1213,539,71,121
room,618_1.png,1606,870,1733,949,79,127
room,618_1.png,1330,469,1447,542,73,117
room,618_1.png,1487,582,1603,644,62,116
room,618_1.png,831,476,979,537,61,148
room,618_1.png,464,734,585,795,61,121
room,618_1.png,472,881,571,959,78,99
room,618_1.png,466,1072,571,1137,65,105
room,618_1.png,686,1138,804,1172,34,118
room,618_1.png,1642,490,1768,574,84,126
room,619_1.png,959,418,1043,452,34,84
room,619_1.png,929,589,1013,618,29,84
room,619_1.png,906,779,1017,811,32,111
room,619_1.png,951,905,1038,939,34,87
room,619_1.png,925,1034,1060,1075,41,135
room,619_1.png,931,1675,1000,1706,31,69
room,619_1.png,1103,1599,1216,1662,63,113
room,619_1.png,928,1291,1037,1329,38,109
room,619_1.png,1177,824,1364,856,32,187
room,619_1.png,1179,1141,1359,1178,37,180
room,619_1.png,1891,1550,1957,1583,33,66
room,619_1.png,2131,1538,2195,1569,31,64
room,619_1.png,1886,1006,2063,1048,42,177
room,619_1.png,1639,802,1721,847,45,82
room,619_1.png,1140,480,1229,514,34,89
room,619_1.png,2271,519,2340,561,42,69
room,619_1.png,2067,517,2135,555,38,68
room,619_1.png,1875,517,1950,563,46,75
room,619_1.png,1638,466,1734,506,40,96
room,619_1.png,1426,1572,1603,1609,37,177
room,621_1.png,930,570,984,598,28,54
room,621_1.png,936,725,1006,749,24,70
room,621_1.png,947,413,1018,446,33,71
room,621_1.png,1824,593,1881,617,24,57
room,621_1.png,2014,536,2090,568,32,76
room,621_1.png,1292,984,1359,1015,31,67
room,621_1.png,1838,970,1982,1013,43,144
room,624_1.png,1123,651,1263,684,33,140
room,624_1.png,1148,743,1224,770,27,76
room,624_1.png,1147,819,1226,847,28,79
room,624_1.png,1299,949,1370,981,32,71
room,624_1.png,1656,953,1750,985,32,94
room,624_1.png,1976,955,2080,990,35,104
room,630_1.png,785,1659,932,1714,55,147
room,630_1.png,948,1662,1098,1711,49,150
room,630_1.png,1149,1658,1292,1708,50,143
room,630_1.png,1835,904,1981,953,49,146
room,630_1.png,2098,1656,2245,1705,49,147
room,630_1.png,2284,902,2426,948,46,142
room,630_1.png,2439,903,2580,949,46,141
room,630_1.png,2370,1283,2425,1312,29,55
room,631_1.png,2000,584,2124,644,60,124
room,631_1.png,1340,595,1473,650,55,133
room,631_1.png,895,486,1042,542,56,147
room,631_1.png,1472,1261,1677,1319,58,205
room,631_1.png,606,1387,732,1438,51,126
room,631_1.png,661,529,776,587,58,115
room,631_1.png,744,875,859,940,65,115
room,631_1.png,559,735,653,771,36,94
room,631_1.png,522,866,636,924,58,114
room,633_1.png,2258,697,2341,728,31,83
room,633_1.png,2288,855,2350,881,26,62
room,633_1.png,2268,951,2361,977,26,93
room,633_1.png,2141,910,2230,940,30,89
room,633_1.png,2115,1283,2210,1313,30,95
room,633_1.png,2690,1235,2752,1263,28,62
room,633_1.png,2475,1343,2568,1369,26,93
room,634_1.png,2420,757,2479,794,37,59
room,634_1.png,2618,751,2678,785,34,60
room,634_1.png,2591,1097,2668,1126,29,77
room,634_1.png,2577,1277,2672,1307,30,95
room,634_1.png,2106,834,2212,872,38,106
room,634_1.png,2087,985,2176,1014,29,89
room,634_1.png,2109,1178,2215,1206,28,106
room,634_1.png,2080,1301,2222,1330,29,142
room,634_1.png,2523,1495,2595,1532,37,72
room,634_1.png,1837,1517,1944,1554,37,107
room,634_1.png,1183,1459,1302,1528,69,119
room,634_1.png,737,667,847,695,28,110
room,634_1.png,2108,1518,2177,1557,39,69
room,634_1.png,1537,1514,1624,1549,35,87
room,634_1.png,538,1400,652,1433,33,114
room,643_1.png,212,319,305,359,40,93
room,643_1.png,827,348,913,384,36,86
room,643_1.png,390,349,451,383,34,61
room,643_1.png,390,633,451,672,39,61
room,643_1.png,193,634,289,680,46,96
room,643_1.png,670,633,734,674,41,64
room,643_1.png,863,636,999,668,32,136
room,643_1.png,972,394,1041,427,33,69
room,643_1.png,701,329,766,361,32,65
room,643_1.png,697,403,772,430,27,75
room,643_1.png,857,1104,977,1143,39,120
room,643_1.png,596,1103,693,1134,31,97
room,643_1.png,626,1206,668,1234,28,42
room,643_1.png,867,1256,965,1320,64,98
room,643_1.png,728,1194,783,1233,39,55
room,643_1.png,716,1251,770,1288,37,54
room,643_1.png,484,1574,562,1632,58,78
room,643_1.png,875,1524,961,1573,49,86
room,643_1.png,876,1645,967,1708,63,91
room,643_1.png,822,1880,905,1929,49,83
room,643_1.png,944,1888,1006,1923,35,62
room,643_1.png,660,1801,756,1858,57,96
room,643_1.png,596,1720,625,1750,30,29
room,643_1.png,656,1717,689,1751,34,33
room,643_1.png,511,1757,548,1794,37,37
room,643_1.png,516,1721,551,1746,25,35
room,643_1.png,516,1842,561,1877,35,45
room,643_1.png,803,1479,868,1501,22,65
room,643_1.png,2216,411,2302,448,37,86
room,643_1.png,2221,328,2299,364,36,78
room,643_1.png,2052,401,2119,436,35,67
room,643_1.png,2079,325,2151,353,28,72
room,643_1.png,1993,216,2052,248,32,59
room,643_1.png,2073,637,2122,667,30,49
room,643_1.png,2298,639,2349,672,33,51
room,643_1.png,2236,1234,2290,1263,29,54
room,643_1.png,2465,1210,2519,1239,29,54
room,643_1.png,2367,1414,2454,1444,30,87
room,643_1.png,2265,1507,2311,1528,21,46
room,643_1.png,2269,1584,2307,1606,22,38
room,643_1.png,2054,1587,2100,1625,38,46
room,643_1.png,1905,1586,1960,1627,41,55
room,643_1.png,1902,1654,1958,1687,33,56
room,643_1.png,2210,1554,2248,1593,39,38
room,643_1.png,2111,1552,2151,1594,42,40
room,643_1.png,2483,1634,2535,1666,32,52
room,643_1.png,2275,1731,2311,1754,23,36
room,643_1.png,2341,1209,2421,1240,31,80
room,643_1.png,2117,1268,2199,1314,46,82
room,643_1.png,1990,1805,2124,1842,37,134
room,643_1.png,2244,1817,2298,1847,30,54
room,643_1.png,2332,1763,2461,1793,30,129
room,643_1.png,2478,1739,2524,1769,30,46
room,643_1.png,2337,1592,2403,1620,28,66
room,643_1.png,2405,1856,2462,1881,25,57
room,644_1.png,408,226,463,255,29,55
room,644_1.png,567,231,621,259,28,54
room,644_1.png,653,337,719,368,31,66
room,644_1.png,623,412,691,442,30,68
room,644_1.png,797,341,866,373,32,69
room,644_1.png,787,423,873,455,32,86
room,644_1.png,400,651,486,675,24,86
room,644_1.png,644,651,691,677,26,47
room,644_1.png,872,649,914,677,28,42
room,644_1.png,737,1279,813,1345,66,76
room,644_1.png,953,1275,1031,1348,73,78
room,644_1.png,948,1503,1031,1547,44,83
room,644_1.png,737,1504,783,1542,38,46
room,644_1.png,706,1609,785,1639,30,79
room,644_1.png,696,1673,745,1707,34,49
room,644_1.png,527,1708,579,1759,51,52
room,644_1.png,737,1816,814,1882,66,77
room,644_1.png,954,1818,1031,1878,60,77
room,644_1.png,1843,222,1897,254,32,54
room,644_1.png,1996,225,2060,259,34,64
room,644_1.png,2223,348,2309,380,32,86
room,644_1.png,2036,699,2117,731,32,81
room,644_1.png,2292,642,2347,679,37,55
room,644_1.png,2036,513,2118,540,27,82
room,644_1.png,2053,417,2118,447,30,65
room,644_1.png,1993,317,2058,354,37,65
room,644_1.png,2137,672,2212,697,25,75
room,644_1.png,2185,1692,2237,1742,50,52
room,644_1.png,2248,1280,2292,1323,43,44
room,644_1.png,2124,1280,2166,1321,41,42
room,644_1.png,2234,1411,2295,1443,32,61
room,644_1.png,2340,1268,2411,1321,53,71
room,644_1.png,2337,1376,2375,1401,25,38
room,644_1.png,1899,1672,1983,1698,26,84
room,644_1.png,2324,1448,2428,1473,25,104
room,645_1.png,1146,343,1227,383,40,81
room,645_1.png,1421,349,1486,379,30,65
room,645_1.png,1642,347,1712,382,35,70
room,645_1.png,1408,570,1466,597,27,58
room,654_1.png,392,802,464,834,32,72
room,654_1.png,549,1305,624,1339,34,75
room,654_1.png,585,1556,665,1591,35,80
room,654_1.png,1163,1300,1252,1340,40,89
room,654_1.png,1211,1031,1284,1074,43,73
room,654_1.png,1206,773,1276,817,44,70
room,654_1.png,2113,1231,2186,1266,35,73
room,654_1.png,2755,1078,2827,1111,33,72
room,654_1.png,2742,674,2801,711,37,59
room,654_1.png,2668,559,2761,593,34,93
room,654_1.png,2038,821,2134,857,36,96
room,654_1.png,2229,818,2291,855,37,62
room,654_1.png,2232,929,2298,961,32,66
room,654_1.png,2055,982,2125,1018,36,70
room,654_1.png,2203,1031,2275,1070,39,72
room,654_1.png,2629,1255,2703,1296,41,74
room,655_1.png,1043,717,1125,758,41,82
room,655_1.png,1082,1253,1170,1287,34,88
room,655_1.png,473,960,544,997,37,71
room,655_1.png,505,1396,575,1432,36,70
room,655_1.png,2387,721,2471,755,34,84
room,655_1.png,2425,1250,2520,1291,41,95
room,655_1.png,1839,1393,1914,1430,37,75
room,655_1.png,1810,963,1882,998,35,72
room,656_1.png,963,927,1032,971,44,69
room,656_1.png,993,1364,1065,1395,31,72
room,656_1.png,2355,579,2424,632,53,69
room,656_1.png,2281,863,2341,901,38,60
room,656_1.png,2355,726,2426,768,42,71
room,657_1.png,954,861,1029,893,32,75
room,657_1.png,960,1234,1038,1272,38,78
room,657_1.png,1244,1182,1321,1214,32,77
room,657_1.png,1929,861,2006,895,34,77
room,657_1.png,1935,1236,2018,1270,34,83
room,658_1.png,511,796,587,837,41,76
room,658_1.png,545,1353,608,1393,40,63
room,658_1.png,507,1152,587,1184,32,80
room,658_1.png,515,1198,589,1228,30,74
room,658_1.png,1567,1309,1628,1348,39,61
room,658_1.png,1647,780,1705,814,34,58
room,658_1.png,1650,1150,1719,1185,35,69
room,658_1.png,1658,1196,1720,1226,30,62
room,664_1.png,2145,552,2280,591,39,135
room,664_1.png,2176,709,2283,752,43,107
room,664_1.png,1928,752,2038,791,39,110
room,664_1.png,2178,1251,2278,1286,35,100
room,664_1.png,2146,1410,2249,1458,48,103
room,664_1.png,1730,751,1836,791,40,106
room,664_1.png,1532,805,1630,849,44,98
room,664_1.png,1542,979,1617,1015,36,75
room,664_1.png,1537,1188,1614,1222,34,77
room,664_1.png,1732,1187,1813,1222,35,81
room,664_1.png,1888,1175,2005,1227,52,117
room,664_1.png,2013,1208,2083,1250,42,70
room,664_1.png,1812,1422,1873,1447,25,61
room,664_1.png,1473,1421,1537,1446,25,64
room,664_1.png,1309,1414,1423,1453,39,114
room,664_1.png,1300,1254,1386,1289,35,86
room,664_1.png,1299,637,1388,685,48,89
room,664_1.png,1328,540,1432,587,47,104
room,664_1.png,1483,544,1539,581,37,56
room,664_1.png,1769,546,1831,581,35,62
room,664_1.png,1900,538,1927,553,15,27
room,664_1.png,1996,537,2020,551,14,24
room,665_1.png,2016,1137,2088,1163,26,72
room,665_1.png,2125,896,2194,922,26,69
room,665_1.png,2224,933,2274,956,23,50
room,665_1.png,2408,1047,2492,1076,29,84
room,665_1.png,2473,1285,2622,1312,27,149
room,665_1.png,1647,1666,1872,1703,37,225
room,665_1.png,1315,1666,1481,1692,26,166
room,667_1.png,1534,1599,1627,1642,43,93
room,667_1.png,2330,1522,2453,1576,54,123
room,667_1.png,2439,1230,2537,1261,31,98
room,668_1.png,1524,1453,1635,1493,40,111
room,668_1.png,1078,1458,1187,1504,46,109
room,668_1.png,1832,868,1970,906,38,138
room,668_1.png,2054,866,2200,905,39,146
room,668_1.png,2364,920,2532,966,46,168
room,668_1.png,2559,1219,2661,1267,48,102
room,668_1.png,2352,1539,2506,1596,57,154
room,668_1.png,1919,1551,2167,1641,90,248
room,669_1.png,1837,723,1981,840,117,144
room,669_1.png,2182,778,2328,838,60,146
room,669_1.png,2365,891,2566,937,46,201
room,669_1.png,2491,1087,2626,1140,53,135
room,669_1.png,2489,1297,2643,1348,51,154
room,669_1.png,2323,1498,2540,1536,38,217
room,669_1.png,2179,1615,2309,1654,39,130
room,669_1.png,1905,1627,2082,1660,33,177
room,669_1.png,1643,1621,1832,1670,49,189
room,669_1.png,1459,1619,1593,1678,59,134
room,669_1.png,1083,1376,1187,1481,105,104
room,670_1.png,1579,571,1702,679,108,123
room,670_1.png,2022,504,2087,548,44,65
room,670_1.png,991,722,1064,765,43,73
room,670_1.png,1401,1701,1461,1732,31,60
room,670_1.png,1501,1677,1592,1715,38,91
room,670_1.png,997,1649,1049,1696,47,52
room,670_1.png,1486,1559,1574,1594,35,88
room,671_1.png,1786,649,1863,673,24,77
room,671_1.png,2176,630,2218,652,22,42
room,671_1.png,993,600,1036,629,29,43
room,671_1.png,896,1433,951,1471,38,55
room,671_1.png,986,1452,1015,1481,29,29
room,671_1.png,2209,1670,2291,1702,32,82
room,671_1.png,894,953,966,973,20,72
room,671_1.png,899,825,959,839,14,60
room,671_1.png,894,698,948,723,25,54
room,724_1.png,1117,1327,1150,1366,39,33
room,724_1.png,1204,1329,1245,1348,19,41
room,724_1.png,1145,1052,1187,1070,18,42
room,724_1.png,1195,1122,1216,1141,19,21
room,724_1.png,1303,1041,1354,1060,19,51
room,724_1.png,1410,1297,1442,1316,19,32
room,724_1.png,1128,844,1157,863,19,29
room,724_1.png,1434,1028,1474,1047,19,40
room,724_1.png,1275,784,1345,797,13,70
room,724_1.png,1573,816,1603,833,17,30
room,724_1.png,2055,889,2087,907,18,32
room,724_1.png,1392,1569,1424,1586,17,32
room,725_1.png,1546,1353,1574,1395,42,28
room,725_1.png,1551,1222,1576,1261,39,25
room,725_1.png,1096,1071,1139,1093,22,43
room,725_1.png,2326,1228,2350,1247,19,24
room,726_1.png,1558,1231,1583,1274,43,25
room,726_1.png,1551,1368,1579,1408,40,28
room,727_1.png,1280,1664,1316,1681,17,36
room,727_1.png,1352,1442,1376,1460,18,24
room,727_1.png,1235,1502,1259,1521,19,24
room,727_1.png,1252,1364,1288,1384,20,36
room,727_1.png,1217,1251,1247,1268,17,30
room,727_1.png,1333,1249,1362,1267,18,29
room,727_1.png,1552,1230,1576,1277,47,24
room,727_1.png,1555,1362,1583,1410,48,28
room,728_1.png,1546,1228,1570,1277,49,24
room,728_1.png,1549,1359,1578,1409,50,29
room,728_1.png,1291,1340,1322,1361,21,31
room,728_1.png,1764,867,1795,888,21,31
room,729_1.png,1197,1725,1247,1745,20,50
room,729_1.png,1299,1712,1350,1730,18,51
room,729_1.png,1168,1634,1220,1653,19,52
room,729_1.png,1423,1673,1448,1690,17,25
room,729_1.png,1539,1637,1609,1651,14,70
room,729_1.png,1555,1356,1582,1409,53,27
room,729_1.png,1549,1223,1576,1276,53,27
room,729_1.png,1291,1337,1325,1357,20,34
room,729_1.png,1765,865,1799,886,21,34
room,729_1.png,1300,1609,1405,1623,14,105
room,734_1.png,1214,586,1298,635,49,84
room,734_1.png,1569,586,1638,633,47,69
room,734_1.png,1869,633,1947,679,46,78
room,734_1.png,1934,498,1995,551,53,61
room,734_1.png,1857,485,1917,545,60,60
room,734_1.png,2259,604,2345,657,53,86
room,734_1.png,1060,1050,1142,1092,42,82
room,734_1.png,1235,1050,1298,1089,39,63
room,734_1.png,1150,1048,1216,1073,25,66
room,734_1.png,1345,1013,1388,1036,23,43
room,734_1.png,1421,993,1449,1035,42,28
room,734_1.png,1182,1283,1216,1310,27,34
room,734_1.png,1243,1284,1282,1303,19,39
room,734_1.png,1188,1182,1227,1200,18,39
room,734_1.png,1258,1177,1293,1203,26,35
room,734_1.png,1394,1068,1445,1114,46,51
room,734_1.png,1616,1058,1657,1091,33,41
room,734_1.png,1125,1670,1191,1719,49,66
room,734_1.png,1932,1028,2013,1073,45,81
room,734_1.png,1938,1168,2014,1196,28,76
room,734_1.png,1613,1666,1675,1696,30,62
room,734_1.png,2234,1410,2353,1469,59,119
room,734_1.png,2240,1951,2359,2017,66,119
room,734_1.png,1719,1957,1798,2015,58,79
room,734_1.png,1721,835,1873,867,32,152
room,734_1.png,2723,816,2910,940,124,187
room,734_1.png,2742,1395,2864,1471,76,122
room,735_1.png,2776,1350,2845,1379,29,69
room,735_1.png,2243,1126,2356,1173,47,113
room,735_1.png,2280,1738,2371,1771,33,91
room,735_1.png,1726,1113,1849,1163,50,123
room,735_1.png,1398,797,1441,825,28,43
room,735_1.png,1358,1022,1406,1043,21,48
room,735_1.png,1830,1695,1937,1737,42,107
room,735_1.png,1540,1631,1606,1658,27,66
room,735_1.png,1554,1772,1695,1817,45,141
room,735_1.png,2012,1727,2029,1806,79,17
room,739_1.png,1132,1230,1213,1255,25,81
room,739_1.png,1232,1281,1296,1303,22,64
room,739_1.png,1406,1067,1451,1094,27,45
room,739_1.png,1485,1272,1560,1297,25,75
room,739_1.png,1612,1175,1658,1210,35,46
room,739_1.png,1756,1346,1876,1366,20,120
room,739_1.png,1670,1351,1712,1369,18,42
room,739_1.png,1661,1308,1700,1324,16,39
room,739_1.png,1698,1269,1736,1287,18,38
room,739_1.png,1858,1302,1956,1316,14,98
room,739_1.png,1855,1268,1890,1288,20,35
room,739_1.png,1920,1192,1956,1209,17,36
room,739_1.png,1853,1187,1897,1208,21,44
room,739_1.png,1789,1190,1827,1210,20,38
room,739_1.png,1732,1173,1777,1209,36,45
room,739_1.png,1810,1090,1882,1109,19,72
room,739_1.png,1916,1067,1953,1093,26,37
room,739_1.png,1728,1023,1786,1043,20,58
room,739_1.png,1607,804,1669,820,16,62
room,739_1.png,1522,1071,1565,1089,18,43
room,740_1.png,1278,1246,1395,1268,22,117
room,740_1.png,1224,1362,1242,1406,44,18
room,740_1.png,1444,1302,1496,1320,18,52
room,740_1.png,1499,1321,1545,1336,15,46
room,740_1.png,1550,1244,1578,1264,20,28
room,740_1.png,1598,1249,1625,1272,23,27
room,740_1.png,1640,1247,1679,1271,24,39
room,740_1.png,1622,1342,1670,1361,19,48
room,740_1.png,1696,1259,1720,1280,21,24
room,740_1.png,1701,1214,1747,1228,14,46
room,740_1.png,1808,1239,1863,1256,17,55
room,740_1.png,1750,1242,1774,1258,16,24
room,740_1.png,1748,1276,1775,1293,17,27
room,740_1.png,1762,1304,1784,1319,15,22
room,740_1.png,1785,1305,1807,1319,14,22
room,740_1.png,1823,1304,1857,1319,15,34
room,740_1.png,1880,1303,1924,1321,18,44
room,740_1.png,1981,1251,2096,1279,28,115
room,740_1.png,1873,1387,1930,1406,19,57
room,740_1.png,2116,1363,2184,1380,17,68
room,740_1.png,2129,1239,2178,1256,17,49
room,740_1.png,2529,1367,2587,1388,21,58
room,740_1.png,2526,1243,2585,1261,18,59
room,740_1.png,2462,1076,2546,1097,21,84
room,740_1.png,2336,979,2401,999,20,65
room,740_1.png,2493,861,2541,887,26,48
room,740_1.png,1676,1135,1775,1157,22,99
room,740_1.png,1654,1022,1757,1039,17,103
room,740_1.png,2092,1086,2149,1110,24,57
room,740_1.png,2097,968,2151,989,21,54
room,740_1.png,2100,856,2146,874,18,46
room,740_1.png,2090,691,2117,704,13,27
room,740_1.png,2162,688,2186,706,18,24
room,740_1.png,2195,664,2230,699,35,35
room,740_1.png,2227,644,2283,663,19,56
room,740_1.png,2230,675,2279,701,26,49
room,740_1.png,2303,643,2368,661,18,65
room,740_1.png,2396,619,2442,637,18,46
room,740_1.png,2445,619,2491,641,22,46
room,740_1.png,2408,660,2467,680,20,59
room,740_1.png,2412,743,2468,766,23,56
room,742_1.png,1120,1982,1182,2005,23,62
room,742_1.png,953,1705,1079,1743,38,126
room,742_1.png,717,1711,770,1734,23,53
room,742_1.png,660,1688,700,1717,29,40
room,742_1.png,369,1406,500,1448,42,131
room,742_1.png,391,1121,472,1147,26,81
room,742_1.png,699,1269,817,1300,31,118
room,742_1.png,918,1334,995,1374,40,77
room,742_1.png,565,1090,601,1119,29,36
room,742_1.png,590,1154,625,1180,26,35
room,742_1.png,384,855,434,877,22,50
room,742_1.png,421,980,478,1002,22,57
room,742_1.png,473,883,548,915,32,75
room,742_1.png,436,730,483,752,22,47
room,742_1.png,653,955,711,985,30,58
room,742_1.png,659,857,727,882,25,68
room,742_1.png,796,873,832,901,28,36
room,742_1.png,750,1032,834,1060,28,84
room,742_1.png,914,1078,967,1101,23,53
room,742_1.png,653,619,719,642,23,66
room,742_1.png,767,624,899,672,48,132
room,742_1.png,965,594,1006,624,30,41
room,742_1.png,372,534,426,566,32,54
room,742_1.png,469,536,534,566,30,65
room,742_1.png,394,334,501,374,40,107
room,742_1.png,537,267,573,293,26,36
room,742_1.png,600,282,643,309,27,43
room,742_1.png,566,441,679,463,22,113
room,742_1.png,868,367,912,397,30,44
room,742_1.png,879,253,1012,279,26,133
room,742_1.png,1415,770,1472,807,37,57
room,742_1.png,1872,570,1938,592,22,66
room,742_1.png,2145,566,2196,593,27,51
room,742_1.png,2379,559,2428,602,43,49
room,742_1.png,2383,745,2457,780,35,74
room,742_1.png,2159,799,2220,834,35,61
room,742_1.png,1894,838,1947,857,19,53
room,742_1.png,2371,988,2441,1018,30,70
room,742_1.png,2370,1309,2442,1333,24,72
room,742_1.png,2105,1280,2163,1309,29,58
room,742_1.png,1872,1285,1961,1307,22,89
room,743_1.png,2060,1453,2125,1485,32,65
room,743_1.png,1947,1311,1990,1339,28,43
room,743_1.png,1670,1504,1705,1528,24,35
room,743_1.png,1659,1397,1724,1417,20,65
room,743_1.png,1639,1236,1688,1269,33,49
room,743_1.png,841,1532,920,1557,25,79
room,743_1.png,741,1347,801,1376,29,60
room,743_1.png,742,1251,807,1279,28,65
room,743_1.png,599,1270,670,1294,24,71
room,743_1.png,564,1005,635,1030,25,71
room,743_1.png,753,1028,831,1051,23,78
room,743_1.png,920,1126,991,1156,30,71
room,743_1.png,851,1094,890,1113,19,39
room,743_1.png,743,1092,777,1119,27,34
room,743_1.png,705,857,779,884,27,74
room,743_1.png,552,866,630,891,25,78
room,743_1.png,698,709,767,735,26,69
room,743_1.png,584,646,652,667,21,68
room,743_1.png,514,696,548,719,23,34
room,743_1.png,586,398,659,421,23,73
room,743_1.png,705,442,783,461,19,78
room,743_1.png,714,354,752,378,24,38
room,743_1.png,910,851,981,877,26,71
room,743_1.png,957,971,1018,992,21,61
room,743_1.png,863,1054,899,1077,23,36
room,743_1.png,896,1065,947,1081,16,51
room,743_1.png,964,1038,1015,1058,20,51
room,743_1.png,909,649,978,667,18,69
room,746_1.png,1608,1175,1675,1200,25,67
room,746_1.png,2390,757,2462,789,32,72
room,746_1.png,2272,1060,2379,1087,27,107
room,746_1.png,2053,729,2172,768,39,119
room,746_1.png,1850,680,1981,709,29,131
room,746_1.png,1841,815,1968,848,33,127
room,746_1.png,1680,755,1742,782,27,62
room,746_1.png,1346,768,1444,821,53,98
room,746_1.png,884,944,1004,985,41,120
room,748_1.png,822,1489,1049,1534,45,227
room,748_1.png,2190,1499,2412,1538,39,222
room,748_1.png,1926,719,2174,785,66,248
room,748_1.png,2370,1206,2420,1226,20,50
room,748_1.png,2351,1086,2413,1108,22,62
room,748_1.png,2359,911,2420,941,30,61
room,748_1.png,2357,763,2436,787,24,79
room,748_1.png,2377,700,2444,723,23,67
room,748_1.png,2390,660,2457,684,24,67
room,756_1.png,1452,1045,1560,1088,43,108
room,764_1.png,714,1697,789,1736,39,75
room,764_1.png,845,1633,897,1671,38,52
room,764_1.png,769,1320,867,1356,36,98
room,764_1.png,962,1626,1033,1672,46,71
room,764_1.png,1136,1632,1206,1678,46,70
room,764_1.png,1232,1590,1302,1634,44,70
room,764_1.png,1357,1597,1431,1636,39,74
room,764_1.png,1083,1368,1127,1395,27,44
room,764_1.png,1177,1388,1229,1417,29,52
room,764_1.png,1306,1255,1426,1298,43,120
room,764_1.png,732,501,828,527,26,96
room,764_1.png,937,509,1035,537,28,98
room,764_1.png,950,657,1001,680,23,51
room,764_1.png,1069,524,1134,570,46,65
room,764_1.png,1198,523,1272,572,49,74
room,764_1.png,1339,468,1406,521,53,67
room,764_1.png,2174,511,2251,556,45,77
room,764_1.png,2272,512,2353,557,45,81
room,764_1.png,2387,499,2443,531,32,56
room,764_1.png,2715,609,2772,643,34,57
room,764_1.png,2701,1271,2758,1300,29,57
room,764_1.png,2799,1372,2863,1409,37,64
room,764_1.png,2880,1435,2916,1464,29,36
room,764_1.png,2724,1513,2775,1534,21,51
room,764_1.png,2873,1547,2940,1589,42,67
room,764_1.png,2870,1618,2923,1643,25,53
room,764_1.png,2773,1715,2835,1742,27,62
room,764_1.png,2364,1541,2437,1571,30,73
room,764_1.png,1756,1546,1851,1576,30,95
room,780_1.png,1613,669,1725,704,35,112
room,780_1.png,1826,741,1942,785,44,116
room,780_1.png,1188,695,1325,734,39,137
room,780_1.png,2239,694,2366,727,33,127
room,780_1.png,2212,772,2303,801,29,91
room,780_1.png,2417,1300,2545,1322,22,128
room,780_1.png,1638,1344,1752,1362,18,114
room,780_1.png,2470,931,2558,970,39,88
room,780_1.png,979,1342,1068,1369,27,89
room,830_1.png,5093,1577,5366,2169,592,273
room,830_1.png,949,1057,1012,1075,18,63
room,830_1.png,1060,1057,1129,1078,21,69
room,830_1.png,1312,1117,1382,1139,22,70
room,830_1.png,1232,1092,1271,1113,21,39
room,830_1.png,1288,1183,1350,1203,20,62
room,830_1.png,973,1203,1185,1249,46,212
room,830_1.png,1454,1335,1495,1354,19,41
room,830_1.png,1546,1413,1593,1439,26,47
room,830_1.png,1072,1451,1148,1479,28,76
room,831_1.png,1475,826,1518,852,26,43
room,831_1.png,1513,889,1552,911,22,39
room,831_1.png,1438,896,1480,922,26,42
room,831_1.png,1712,854,1807,880,26,95
room,831_1.png,1621,836,1662,855,19,41
room,831_1.png,1866,831,1989,854,23,123
room,831_1.png,2043,949,2073,964,15,30
room,831_1.png,1365,1322,1496,1349,27,131
room,831_1.png,2040,1500,2103,1516,16,63
room,831_1.png,2143,1042,2174,1059,17,31
room,832_1.png,432,1572,456,1644,72,24
room,832_1.png,369,1469,441,1483,14,72
room,833_1.png,899,1101,945,1120,19,46
room,833_1.png,475,1386,521,1402,16,46
room,833_1.png,1732,1211,1759,1225,14,27
room,833_1.png,1549,1273,1583,1291,18,34
room,833_1.png,1730,1292,1771,1308,16,41
room,833_1.png,2528,736,2557,752,16,29
room,833_1.png,1704,1054,1755,1070,16,51
room,833_1.png,1667,834,1716,848,14,49
room,834_1.png,1331,1166,1370,1184,18,39
room,834_1.png,2410,1153,2467,1176,23,57
room,834_1.png,2492,880,2536,899,19,44
room,834_1.png,2220,883,2265,899,16,45
room,834_1.png,2003,883,2041,902,19,38
room,834_1.png,988,738,1036,754,16,48
room,834_1.png,1104,1172,1140,1185,13,36
room,834_1.png,521,1310,560,1324,14,39
room,835_1.png,638,476,674,495,19,36
room,835_1.png,863,510,901,531,21,38
room,835_1.png,2072,661,2109,682,21,37
room,835_1.png,2485,661,2523,685,24,38
room,835_1.png,867,692,912,709,17,45
room,835_1.png,456,1000,497,1013,13,41
room,835_1.png,1434,660,1509,679,19,75
room,836_1.png,860,621,901,638,17,41
room,836_1.png,429,940,475,956,16,46
room,836_1.png,1241,586,1280,602,16,39
room,836_1.png,1632,583,1671,604,21,39
room,836_1.png,2062,583,2101,605,22,39
room,836_1.png,2477,586,2514,603,17,37
room,837_1.png,651,1048,711,1071,23,60
room,837_1.png,2109,942,2191,969,27,82
room,837_1.png,2115,1051,2170,1079,28,55
room,837_1.png,2218,1476,2288,1502,26,70
room,837_1.png,1943,1471,1983,1515,44,40
room,837_1.png,2066,1494,2096,1540,46,30
room,837_1.png,1964,1536,2018,1562,26,54
room,837_1.png,1445,1558,1517,1589,31,72
room,837_1.png,970,1562,1056,1595,33,86
room,837_1.png,727,1568,776,1605,37,49
room,838_1.png,421,693,538,735,42,117
room,838_1.png,755,673,838,728,55,83
room,838_1.png,469,1059,587,1101,42,118
room,838_1.png,2050,651,2109,697,46,59
room,838_1.png,2140,655,2172,700,45,32
room,838_1.png,2228,656,2263,700,44,35
room,838_1.png,2246,767,2300,796,29,54
room,838_1.png,2241,846,2295,874,28,54
room,838_1.png,2182,1019,2268,1046,27,86
room,838_1.png,2229,1118,2291,1153,35,62
room,838_1.png,2217,1372,2274,1398,26,57
room,838_1.png,2094,1368,2151,1413,45,57
room,838_1.png,1902,1410,1988,1467,57,86
room,838_1.png,850,1436,916,1481,45,66
room,838_1.png,497,1437,618,1466,29,121
room,838_1.png,1242,1484,1295,1517,33,53
room,838_1.png,1157,622,1212,656,34,55
room,840_1.png,2601,793,2644,815,22,43
room,840_1.png,2676,963,2717,984,21,41
room,840_1.png,2588,908,2630,925,17,42
room,840_1.png,2427,976,2482,1010,34,55
room,840_1.png,2642,1025,2680,1043,18,38
room,840_1.png,2644,1161,2688,1178,17,44
room,840_1.png,2433,1519,2475,1537,18,42
room,840_1.png,2261,1025,2315,1044,19,54
room,840_1.png,2282,1141,2323,1160,19,41
room,840_1.png,2410,1118,2451,1136,18,41
room,840_1.png,2450,1201,2479,1218,17,29
room,840_1.png,1538,1564,1578,1584,20,40
room,840_1.png,1422,1533,1460,1550,17,38
room,840_1.png,1305,1512,1336,1529,17,31
room,840_1.png,1159,1062,1204,1084,22,45
room,840_1.png,1814,941,1855,959,18,41
room,840_1.png,2000,914,2052,935,21,52
room,840_1.png,931,866,976,886,20,45
room,840_1.png,1420,830,1489,852,22,69
room,840_1.png,1454,1344,1550,1362,18,96
room,840_1.png,1650,1346,1747,1366,20,97
room,840_1.png,2259,843,2304,864,21,45
room,841_1.png,2402,821,2434,838,17,32
room,841_1.png,2403,1003,2432,1019,16,29
room,841_1.png,2554,821,2593,840,19,39
room,841_1.png,2521,1059,2559,1076,17,38
room,841_1.png,2534,1186,2570,1208,22,36
room,841_1.png,2177,1163,2227,1180,17,50
room,841_1.png,2258,1192,2295,1209,17,37
room,841_1.png,2202,1082,2240,1098,16,38
room,841_1.png,1980,810,2029,828,18,49
room,841_1.png,2103,742,2137,759,17,34
room,841_1.png,2209,742,2245,761,19,36
room,841_1.png,1821,646,1860,664,18,39
room,841_1.png,1957,664,1994,681,17,37
room,841_1.png,1798,809,1846,825,16,48
room,841_1.png,1829,947,1867,968,21,38
room,841_1.png,2233,1294,2267,1311,17,34
room,841_1.png,2114,1315,2181,1338,23,67
room,841_1.png,2006,1291,2033,1307,16,27
room,841_1.png,1356,663,1395,679,16,39
room,841_1.png,1491,643,1529,662,19,38
room,841_1.png,1514,807,1561,826,19,47
room,841_1.png,1316,808,1366,827,19,50
room,841_1.png,1218,739,1254,757,18,36
room,841_1.png,1080,737,1120,757,20,40
room,841_1.png,1430,992,1470,1013,21,40
room,841_1.png,1388,1327,1426,1345,18,38
room,841_1.png,1475,1654,1516,1677,23,41
room,841_1.png,1353,1627,1392,1648,21,39
room,841_1.png,1317,1483,1367,1501,18,50
room,841_1.png,1182,1547,1219,1567,20,37
room,841_1.png,1105,1547,1141,1567,20,36
room,841_1.png,1106,1188,1144,1207,19,38
room,841_1.png,1104,1096,1145,1119,23,41
room,841_1.png,784,1186,821,1206,20,37
room,841_1.png,785,1098,823,1117,19,38
room,841_1.png,900,965,944,985,20,44
room,841_1.png,754,965,793,988,23,39
room,841_1.png,754,814,793,836,22,39
room,841_1.png,902,818,945,838,20,43
room,841_1.png,746,1329,787,1348,19,41
room,841_1.png,899,1323,942,1337,14,43
room,841_1.png,753,1470,791,1490,20,38
room,841_1.png,898,1467,942,1484,17,44
room,841_1.png,1534,1483,1572,1501,18,38
room,842_1.png,1923,1134,1941,1146,12,18
room,843_1.png,2416,581,2436,598,17,20
room,843_1.png,2245,670,2290,686,16,45
room,843_1.png,2410,658,2441,675,17,31
room,843_1.png,2408,820,2456,836,16,48
room,843_1.png,2417,858,2437,874,16,20
room,843_1.png,2424,1428,2456,1449,21,32
room,843_1.png,2296,1444,2327,1462,18,31
room,843_1.png,2230,1447,2260,1463,16,30
room,843_1.png,2066,1425,2095,1440,15,29
room,843_1.png,2345,1275,2378,1293,18,33
room,843_1.png,2023,693,2052,710,17,29
room,843_1.png,1715,739,1734,750,11,19
room,843_1.png,1550,639,1581,654,15,31
room,843_1.png,1666,747,1690,764,17,24
room,843_1.png,1395,594,1437,619,25,42
room,843_1.png,792,781,833,795,14,41
room,843_1.png,882,1400,956,1421,21,74
room,843_1.png,1069,1388,1162,1407,19,93
room,843_1.png,1249,1376,1342,1400,24,93
room,843_1.png,1387,1324,1452,1346,22,65
room,843_1.png,1744,1127,1804,1144,17,60
room,843_1.png,1746,1213,1808,1230,17,62
room,843_1.png,1783,1283,1819,1298,15,36
room,843_1.png,1732,1284,1769,1300,16,37
room,843_1.png,1680,1281,1719,1295,14,39
room,843_1.png,1546,1188,1590,1209,21,44
room,843_1.png,1944,1202,1986,1216,14,42
room,844_1.png,963,547,995,566,19,32
room,844_1.png,889,687,912,702,15,23
room,844_1.png,1124,558,1168,572,14,44
room,844_1.png,1154,517,1182,530,13,28
room,844_1.png,1137,665,1158,681,16,21
room,844_1.png,1337,667,1360,682,15,23
room,844_1.png,1296,546,1325,563,17,29
room,844_1.png,1428,546,1448,561,15,20
room,844_1.png,1534,546,1554,560,14,20
room,844_1.png,1648,543,1668,561,18,20
room,844_1.png,1701,544,1723,560,16,22
room,844_1.png,1417,640,1438,657,17,21
room,844_1.png,1551,642,1573,656,14,22
room,844_1.png,1641,641,1662,657,16,21
room,844_1.png,1699,642,1718,658,16,19
room,844_1.png,1776,522,1796,536,14,20
room,844_1.png,1819,632,1840,648,16,21
room,844_1.png,2022,540,2041,555,15,19
room,844_1.png,2005,637,2022,653,16,17
room,844_1.png,2088,523,2106,538,15,18
room,844_1.png,2126,631,2146,644,13,20
room,844_1.png,2181,522,2202,539,17,21
room,844_1.png,2232,643,2252,657,14,20
room,844_1.png,2292,521,2323,536,15,31
room,844_1.png,2292,647,2312,662,15,20
room,844_1.png,2279,689,2300,704,15,21
room,844_1.png,2468,637,2487,652,15,19
room,844_1.png,2454,543,2481,556,13,27
room,844_1.png,852,1101,883,1119,18,31
room,844_1.png,859,931,891,950,19,32
room,844_1.png,967,986,990,1004,18,23
room,844_1.png,961,1054,986,1072,18,25
room,844_1.png,1709,1191,1728,1207,16,19
room,844_1.png,1682,1184,1734,1220,36,52
room,844_1.png,1633,1211,1662,1225,14,29
room,844_1.png,2438,1361,2464,1376,15,26
room,844_1.png,2414,1503,2447,1516,13,33
room,844_1.png,2102,1504,2132,1523,19,30
room,844_1.png,2022,1364,2046,1377,13,24
room,844_1.png,1907,1366,1933,1382,16,26
room,844_1.png,2192,1364,2214,1379,15,22
room,844_1.png,2298,1367,2321,1385,18,23
room,844_1.png,1729,1362,1756,1378,16,27
room,844_1.png,1805,1503,1840,1524,21,35
room,844_1.png,1447,1362,1472,1380,18,25
room,844_1.png,1515,1507,1551,1528,21,36
room,844_1.png,1607,1366,1631,1383,17,24
room,844_1.png,1145,1364,1174,1380,16,29
room,844_1.png,1335,1360,1356,1374,14,21
room,844_1.png,1231,1507,1260,1525,18,29
room,844_1.png,1031,1390,1055,1406,16,24
room,844_1.png,901,1463,938,1483,20,37
room,844_1.png,867,1411,887,1423,12,20
room,844_1.png,897,746,943,762,16,46
room,845_1.png,707,573,732,585,12,25
room,845_1.png,790,430,826,453,23,36
room,845_1.png,954,573,975,589,16,21
room,845_1.png,1165,571,1186,589,18,21
room,845_1.png,1067,431,1098,452,21,31
room,845_1.png,1247,431,1273,449,18,26
room,845_1.png,1362,428,1385,448,20,23
room,845_1.png,1366,517,1387,532,15,21
room,845_1.png,1242,528,1265,544,16,23
room,845_1.png,1470,526,1489,542,16,19
room,845_1.png,1530,525,1553,543,18,23
room,845_1.png,1470,428,1494,445,17,24
room,845_1.png,1536,428,1559,445,17,23
room,845_1.png,1653,430,1677,448,18,24
room,845_1.png,1662,523,1679,543,20,17
room,845_1.png,1827,525,1850,539,14,23
room,845_1.png,1958,523,1980,541,18,22
room,845_1.png,2053,525,2077,543,18,24
room,845_1.png,2131,527,2154,545,18,23
room,845_1.png,2289,525,2311,540,15,22
room,845_1.png,2277,422,2311,441,19,34
room,845_1.png,2147,422,2181,438,16,34
room,845_1.png,2005,404,2022,420,16,17
room,845_1.png,1944,428,1972,447,19,28
room,845_1.png,1842,428,1867,445,17,25
room,845_1.png,2290,1353,2326,1374,21,36
room,845_1.png,2294,1283,2316,1305,22,22
room,845_1.png,2140,1346,2174,1368,22,34
room,845_1.png,2115,1283,2139,1301,18,24
room,845_1.png,2053,1256,2078,1272,16,25
room,845_1.png,2106,1243,2127,1258,15,21
room,845_1.png,1852,1288,1874,1302,14,22
room,845_1.png,1997,1345,2029,1361,16,32
room,845_1.png,1903,1337,1933,1355,18,30
room,845_1.png,1746,1264,1768,1279,15,22
room,845_1.png,1690,1349,1721,1368,19,31
room,845_1.png,1594,1339,1631,1356,17,37
room,845_1.png,1565,1281,1587,1296,15,22
room,845_1.png,1409,1244,1432,1259,15,23
room,845_1.png,1404,1290,1434,1304,14,30
room,845_1.png,1233,1242,1258,1254,12,25
room,845_1.png,1318,1288,1348,1303,15,30
room,845_1.png,1386,1388,1417,1404,16,31
room,845_1.png,1230,1377,1283,1390,13,53
room,845_1.png,1151,1246,1172,1259,13,21
room,845_1.png,990,1248,1014,1262,14,24
room,845_1.png,1058,1391,1086,1406,15,28
room,845_1.png,882,1245,904,1258,13,22
room,845_1.png,719,1242,741,1257,15,22
room,845_1.png,788,1398,821,1413,15,33
room,845_1.png,672,1000,704,1018,18,32
room,845_1.png,786,943,804,956,13,18
room,845_1.png,795,873,816,887,14,21
room,845_1.png,703,804,733,822,18,30
room,845_1.png,1458,1064,1490,1077,13,32
room,845_1.png,1532,1066,1553,1077,11,21
room,846_1.png,739,400,772,418,18,33
room,846_1.png,731,559,753,577,18,22
room,846_1.png,1101,399,1129,415,16,28
room,846_1.png,891,570,913,586,16,22
room,846_1.png,943,570,967,588,18,24
room,846_1.png,1153,568,1175,586,18,22
room,846_1.png,1236,522,1256,538,16,20
room,846_1.png,1226,402,1246,419,17,20
room,846_1.png,1316,396,1336,415,19,20
room,846_1.png,1368,522,1387,540,18,19
room,846_1.png,1416,402,1433,416,14,17
room,846_1.png,1463,524,1483,539,15,20
room,846_1.png,1528,524,1549,539,15,21
room,846_1.png,1518,406,1537,422,16,19
room,846_1.png,1604,402,1623,419,17,19
room,846_1.png,1656,524,1675,540,16,19
room,846_1.png,1816,520,1842,534,14,26
room,846_1.png,1953,517,1974,534,17,21
room,846_1.png,1914,427,1934,446,19,20
room,846_1.png,1836,425,1859,442,17,23
room,846_1.png,2005,422,2029,441,19,24
room,846_1.png,2047,519,2067,534,15,20
room,846_1.png,2121,523,2141,541,18,20
room,846_1.png,2098,563,2115,577,14,17
room,846_1.png,2277,514,2295,530,16,18
room,846_1.png,2277,419,2307,436,17,30
room,846_1.png,2135,422,2164,438,16,29
room,846_1.png,693,825,723,841,16,30
room,846_1.png,789,872,811,886,14,22
room,846_1.png,783,939,804,954,15,21
room,846_1.png,680,985,709,1000,15,29
room,846_1.png,1422,1055,1450,1069,14,28
room,846_1.png,1541,1068,1561,1080,12,20
room,846_1.png,693,1251,716,1264,13,23
room,846_1.png,685,1237,742,1282,45,57
room,846_1.png,789,1339,817,1355,16,28
room,846_1.png,875,1239,895,1255,16,20
room,846_1.png,968,1251,987,1264,13,19
room,846_1.png,1143,1240,1164,1257,17,21
room,846_1.png,1050,1389,1078,1403,14,28
room,846_1.png,1268,1343,1290,1358,15,22
room,846_1.png,1378,1291,1398,1305,14,20
room,846_1.png,1353,1344,1378,1359,15,25
room,846_1.png,1447,1344,1468,1360,16,21
room,846_1.png,1228,1291,1248,1305,14,20
room,846_1.png,1472,1287,1490,1301,14,18
room,846_1.png,1537,1285,1555,1297,12,18
room,846_1.png,1558,1336,1581,1352,16,23
room,846_1.png,1662,1324,1719,1341,17,57
room,846_1.png,1739,1263,1758,1275,12,19
room,846_1.png,1845,1287,1863,1300,13,18
room,846_1.png,1875,1352,1907,1371,19,32
room,846_1.png,1988,1354,2018,1371,17,30
room,846_1.png,2041,1251,2064,1268,17,23
room,846_1.png,2111,1278,2130,1295,17,19
room,846_1.png,2116,1348,2148,1364,16,32
room,846_1.png,2282,1278,2308,1296,18,26
room,846_1.png,2272,1350,2299,1368,18,27
room,847_1.png,1308,776,1333,791,15,25
room,847_1.png,1297,633,1319,650,17,22
room,847_1.png,1431,653,1456,669,16,25
room,847_1.png,1647,627,1669,640,13,22
room,847_1.png,1632,729,1651,741,12,19
room,847_1.png,1779,817,1796,832,15,17
room,847_1.png,1855,802,1876,817,15,21
room,847_1.png,1431,785,1452,801,16,21
room,847_1.png,1975,835,2019,855,20,44
room,847_1.png,2059,1029,2078,1044,15,19
room,847_1.png,1806,737,1850,753,16,44
room,847_1.png,1462,945,1491,960,15,29
room,847_1.png,2050,1250,2094,1268,18,44
room,847_1.png,1936,1256,1984,1271,15,48
room,847_1.png,1822,1221,1844,1237,16,22
room,847_1.png,1639,1204,1679,1221,17,40
room,847_1.png,1491,1208,1510,1223,15,19
room,847_1.png,1469,1156,1506,1170,14,37
room,847_1.png,1765,929,1803,943,14,38
room,847_1.png,1836,946,1891,963,17,55
room,848_1.png,2401,967,2439,981,14,38
room,848_1.png,1562,722,1602,738,16,40
room,848_1.png,1641,722,1674,738,16,33
room,848_1.png,1927,1016,1949,1032,16,22
room,848_1.png,1881,1097,1922,1111,14,41
room,848_1.png,1917,1128,1957,1145,17,40
room,848_1.png,2078,1230,2138,1249,19,60
room,848_1.png,1914,780,1936,796,16,22
room,848_1.png,1437,726,1479,741,15,42
room,849_1.png,864,775,913,794,19,49
room,849_1.png,939,773,963,786,13,24
room,849_1.png,1027,766,1066,780,14,39
room,849_1.png,1237,762,1275,777,15,38
room,849_1.png,1412,673,1435,687,14,23
room,849_1.png,1589,636,1617,652,16,28
room,849_1.png,1685,613,1712,626,13,27
room,849_1.png,2288,691,2335,704,13,47
room,849_1.png,2502,695,2532,713,18,30
room,849_1.png,2477,763,2524,780,17,47
room,849_1.png,2446,601,2467,616,15,21
room,849_1.png,2454,893,2475,905,12,21
room,849_1.png,2368,1012,2399,1026,14,31
room,849_1.png,1761,752,1781,767,15,20
room,849_1.png,2575,1345,2617,1362,17,42
room,849_1.png,2567,1405,2594,1422,17,27
room,849_1.png,2454,1496,2483,1509,13,29
room,849_1.png,2340,1498,2368,1515,17,28
room,849_1.png,2196,1404,2212,1418,14,16
room,849_1.png,2200,1453,2227,1466,13,27
room,849_1.png,2178,1482,2198,1493,11,20
room,849_1.png,2110,1481,2141,1496,15,31
room,849_1.png,1595,1195,1640,1212,17,45
room,849_1.png,1733,1136,1793,1149,13,60
room,849_1.png,1741,1223,1799,1238,15,58
room,849_1.png,1829,1271,1866,1285,14,37
room,849_1.png,1778,1269,1819,1287,18,41
room,849_1.png,1699,1268,1741,1284,16,42
room,849_1.png,2294,1340,2317,1355,15,23
room,849_1.png,2355,1282,2385,1297,15,30
room,849_1.png,1757,1358,1811,1374,16,54
room,849_1.png,1498,1335,1563,1350,15,65
room,849_1.png,1140,1329,1158,1341,12,18
room,849_1.png,1299,1315,1353,1327,12,54
room,849_1.png,931,1478,1002,1494,16,71
room,849_1.png,1127,1079,1235,1097,18,108
room,849_1.png,1809,879,1860,895,16,51
room,850_1.png,968,533,999,550,17,31
room,850_1.png,897,672,918,690,18,21
room,850_1.png,1080,684,1099,699,15,19
room,850_1.png,1131,653,1152,671,18,21
room,850_1.png,1137,692,1158,706,14,21
room,850_1.png,1181,536,1211,551,15,30
room,850_1.png,1122,641,1179,683,42,57
room,850_1.png,1303,542,1330,557,15,27
room,850_1.png,1336,650,1357,661,11,21
room,850_1.png,1426,636,1445,651,15,19
room,850_1.png,1425,516,1448,530,14,23
room,850_1.png,1534,511,1554,525,14,20
room,850_1.png,1634,516,1654,532,16,20
room,850_1.png,1707,517,1727,533,16,20
room,850_1.png,1550,639,1566,652,13,16
room,850_1.png,1654,637,1672,651,14,18
room,850_1.png,1697,636,1716,652,16,19
room,850_1.png,1822,517,1841,531,14,19
room,850_1.png,1829,631,1846,644,13,17
room,850_1.png,2044,520,2063,533,13,19
room,850_1.png,2007,634,2025,650,16,18
room,850_1.png,2085,518,2102,532,14,17
room,850_1.png,2182,517,2199,530,13,17
room,850_1.png,2142,638,2159,652,14,17
room,850_1.png,2236,638,2254,651,13,18
room,850_1.png,2295,638,2312,651,13,17
room,850_1.png,2329,518,2360,534,16,31
room,850_1.png,2432,538,2461,552,14,29
room,850_1.png,2278,677,2296,689,12,18
room,850_1.png,2474,636,2494,650,14,20
room,850_1.png,1690,1186,1707,1200,14,17
room,850_1.png,1638,1206,1665,1220,14,27
room,850_1.png,2430,1363,2450,1379,16,20
room,850_1.png,2411,1527,2442,1546,19,31
room,850_1.png,2192,1362,2213,1377,15,21
room,850_1.png,2117,1529,2147,1544,15,30
room,850_1.png,2301,1358,2324,1386,28,23
room,850_1.png,2026,1369,2046,1383,14,20
room,850_1.png,1906,1363,1934,1380,17,28
room,850_1.png,1725,1369,1748,1383,14,23
room,850_1.png,1817,1529,1845,1542,13,28
room,850_1.png,1614,1364,1632,1378,14,18
room,850_1.png,1435,1364,1455,1376,12,20
room,850_1.png,1539,1527,1568,1544,17,29
room,850_1.png,1331,1350,1350,1362,12,19
room,850_1.png,1152,1352,1173,1365,13,21
room,850_1.png,1239,1527,1269,1542,15,30
room,850_1.png,1036,1387,1056,1401,14,20
room,850_1.png,867,1410,887,1426,16,20
room,850_1.png,943,1454,972,1468,14,29
room,850_1.png,806,936,838,952,16,32
room,850_1.png,811,1104,842,1121,17,31
room,850_1.png,969,985,991,998,13,22
room,850_1.png,969,1049,992,1064,15,23
room,850_1.png,1606,786,1656,807,21,50
room,850_1.png,1684,810,1721,829,19,37
room,850_1.png,1818,791,1878,809,18,60
room,851_1.png,2300,399,2332,416,17,32
room,851_1.png,2323,516,2349,534,18,26
room,851_1.png,2187,508,2207,524,16,20
room,851_1.png,2186,415,2212,432,17,26
room,851_1.png,2038,398,2059,412,14,21
room,851_1.png,2092,519,2111,533,14,19
room,851_1.png,1982,423,2006,439,16,24
room,851_1.png,1995,517,2016,533,16,21
room,851_1.png,1879,423,1901,437,14,22
room,851_1.png,1862,518,1887,531,13,25
room,851_1.png,1682,427,1702,443,16,20
room,851_1.png,1686,521,1709,535,14,23
room,851_1.png,1574,420,1596,439,19,22
room,851_1.png,1568,520,1590,533,13,22
room,851_1.png,1509,422,1529,435,13,20
room,851_1.png,1505,519,1525,533,14,20
room,851_1.png,1498,501,1540,541,40,42
room,851_1.png,1398,423,1422,438,15,24
room,851_1.png,1412,506,1434,517,11,22
room,851_1.png,1284,425,1306,441,16,22
room,851_1.png,1277,520,1298,536,16,21
room,851_1.png,1099,396,1131,413,17,32
room,851_1.png,1193,552,1216,565,13,23
room,851_1.png,823,399,857,417,18,34
room,851_1.png,744,563,768,580,17,24
room,851_1.png,716,641,770,659,18,54
room,851_1.png,831,864,853,880,16,22
room,851_1.png,738,800,769,814,14,31
room,851_1.png,751,1029,780,1045,16,29
room,851_1.png,821,936,840,950,14,19
room,851_1.png,2328,1281,2350,1296,15,22
room,851_1.png,2327,1351,2356,1364,13,29
room,851_1.png,2152,1279,2173,1295,16,21
room,851_1.png,2175,1344,2209,1358,14,34
room,851_1.png,2140,1274,2194,1311,37,54
room,851_1.png,2142,1240,2162,1253,13,20
room,851_1.png,2088,1260,2110,1275,15,22
room,851_1.png,2032,1383,2062,1397,14,30
room,851_1.png,1888,1282,1908,1296,14,20
room,851_1.png,1906,1385,1936,1400,15,30
room,851_1.png,1780,1259,1803,1274,15,23
room,851_1.png,1734,1385,1763,1399,14,29
room,851_1.png,1603,1275,1622,1290,15,19
room,851_1.png,1621,1386,1650,1401,15,29
room,851_1.png,1444,1239,1465,1254,15,21
room,851_1.png,1439,1284,1471,1299,15,32
room,851_1.png,1511,1260,1535,1276,16,24
room,851_1.png,1438,1378,1469,1395,17,31
room,851_1.png,1352,1284,1385,1299,15,33
room,851_1.png,1315,1379,1372,1395,16,57
room,851_1.png,1272,1237,1289,1250,13,17
room,851_1.png,1186,1241,1206,1255,14,20
room,851_1.png,1026,1238,1047,1249,11,21
room,851_1.png,1093,1415,1124,1432,17,31
room,851_1.png,920,1239,941,1253,14,21
room,851_1.png,752,1259,772,1273,14,20
room,851_1.png,823,1414,855,1429,15,32
room,851_1.png,1446,693,1490,711,18,44
room,851_1.png,1541,700,1592,716,16,51
room,851_1.png,1684,670,1739,688,18,55
room,852_1.png,2317,405,2348,423,18,31
room,852_1.png,2294,521,2315,536,15,21
room,852_1.png,2124,407,2154,424,17,30
room,852_1.png,2124,532,2142,547,15,18
room,852_1.png,2113,569,2135,584,15,22
room,852_1.png,2016,407,2036,421,14,20
room,852_1.png,2067,531,2085,546,15,18
room,852_1.png,1918,408,1940,424,16,22
room,852_1.png,1985,524,2004,536,12,19
room,852_1.png,1888,408,1908,424,16,20
room,852_1.png,1837,525,1857,537,12,20
room,852_1.png,1622,408,1640,422,14,18
room,852_1.png,1657,522,1674,535,13,17
room,852_1.png,1537,411,1555,426,15,18
room,852_1.png,1539,529,1557,540,11,18
room,852_1.png,1432,404,1452,420,16,20
room,852_1.png,1471,530,1489,542,12,18
room,852_1.png,1334,403,1354,415,12,20
room,852_1.png,1375,527,1395,540,13,20
room,852_1.png,1243,408,1262,420,12,19
room,852_1.png,1249,511,1268,523,12,19
room,852_1.png,1117,401,1145,416,15,28
room,852_1.png,1162,580,1181,594,14,19
room,852_1.png,962,571,982,589,18,20
room,852_1.png,757,400,790,417,17,33
room,852_1.png,747,562,768,576,14,21
room,852_1.png,674,816,704,835,19,30
room,852_1.png,672,990,703,1009,19,31
room,852_1.png,807,944,826,957,13,19
room,852_1.png,805,873,826,887,14,21
room,852_1.png,714,1261,733,1276,15,19
room,852_1.png,892,1250,911,1262,12,19
room,852_1.png,753,1390,780,1403,13,27
room,852_1.png,1007,1263,1026,1277,14,19
room,852_1.png,1068,1414,1097,1431,17,29
room,852_1.png,1156,1245,1179,1259,14,23
room,852_1.png,1257,1294,1277,1306,12,20
room,852_1.png,1262,1382,1282,1397,15,20
room,852_1.png,1391,1297,1411,1308,11,20
room,852_1.png,1478,1298,1497,1309,11,19
room,852_1.png,1545,1298,1562,1309,11,17
room,852_1.png,1369,1384,1388,1398,14,19
room,852_1.png,1427,1360,1446,1374,14,19
room,852_1.png,1545,1390,1565,1406,16,20
room,852_1.png,1751,1268,1772,1283,15,21
room,852_1.png,1634,1367,1687,1382,15,53
room,852_1.png,1849,1288,1870,1305,17,21
room,852_1.png,1860,1367,1889,1384,17,29
room,852_1.png,2061,1267,2082,1284,17,21
room,852_1.png,2045,1257,2094,1295,38,49
room,852_1.png,2000,1393,2028,1408,15,28
room,852_1.png,2130,1292,2150,1305,13,20
room,852_1.png,2174,1397,2202,1413,16,28
room,852_1.png,2110,1245,2126,1256,11,16
room,852_1.png,2299,1292,2318,1305,13,19
room,852_1.png,2255,1398,2285,1412,14,30
room,852_1.png,1527,1079,1548,1095,16,21
room,852_1.png,1435,1058,1463,1073,15,28
room,852_1.png,1419,680,1458,701,21,39
room,852_1.png,1522,708,1560,725,17,38
room,852_1.png,1661,680,1708,696,16,47
room,853_1.png,1294,643,1316,659,16,22
room,853_1.png,1443,627,1466,643,16,23
room,853_1.png,1630,737,1649,751,14,19
room,853_1.png,1642,634,1670,650,16,28
room,853_1.png,1459,777,1481,791,14,22
room,853_1.png,1308,785,1331,802,17,23
room,853_1.png,2042,798,2081,815,17,39
room,853_1.png,2075,1039,2096,1056,17,21
room,853_1.png,1953,1103,1983,1119,16,30
room,853_1.png,2045,1270,2093,1291,21,48
room,853_1.png,1821,1232,1845,1246,14,24
room,853_1.png,1676,1226,1709,1241,15,33
room,853_1.png,1485,1243,1510,1257,14,25
room,853_1.png,1857,857,1880,871,14,23
room,853_1.png,1779,803,1799,819,16,20
room,853_1.png,1418,971,1448,986,15,30
room,853_1.png,1504,806,1527,822,16,23
room,853_1.png,1636,804,1679,817,13,43
room,853_1.png,1808,746,1846,760,14,38
room,853_1.png,1926,1290,1974,1304,14,48
room,853_1.png,1831,939,1884,954,15,53
room,854_1.png,1385,967,1508,1046,79,123
room,854_1.png,1588,676,1720,752,76,132
room,854_1.png,1870,799,2011,874,75,141
room,854_1.png,2152,749,2287,820,71,135
room,854_1.png,1876,988,1973,1066,78,97
room,854_1.png,2238,938,2332,1008,70,94
room,854_1.png,2620,959,2741,1042,83,121
room,854_1.png,2059,1486,2260,1576,90,201
room,855_1.png,1131,572,1235,626,54,104
room,855_1.png,1408,572,1576,625,53,168
room,855_1.png,1416,742,1585,807,65,169
room,855_1.png,1149,744,1248,807,63,99
room,855_1.png,1883,734,1996,780,46,113
room,855_1.png,2111,727,2219,776,49,108
room,855_1.png,2418,837,2525,903,66,107
room,855_1.png,1997,1288,2094,1348,60,97
room,855_1.png,2431,1292,2531,1346,54,100
room,855_1.png,1110,1293,1220,1356,63,110
room,856_1.png,1168,536,1475,591,55,307
room,856_1.png,1914,673,2165,729,56,251
room,856_1.png,2310,616,2343,638,22,33
room,856_1.png,2434,617,2470,640,23,36
room,856_1.png,2553,619,2588,638,19,35
room,856_1.png,2707,614,2739,635,21,32
room,856_1.png,2576,666,2725,737,71,149
room,856_1.png,2745,672,2770,723,51,25
room,856_1.png,2381,685,2414,707,22,33
room,856_1.png,2508,1240,2632,1342,102,124
room,856_1.png,2048,1242,2176,1342,100,128
room,856_1.png,1578,1244,1706,1349,105,128
room,856_1.png,1130,1249,1241,1345,96,111
room,857_1.png,1500,1241,1662,1294,53,162
room,858_1.png,1575,844,1731,926,82,156
room,858_1.png,916,583,1037,635,52,121
room,858_1.png,912,684,1040,734,50,128
room,858_1.png,1029,1066,1170,1119,53,141
room,858_1.png,916,894,994,940,46,78
room,858_1.png,1005,891,1126,940,49,121
room,858_1.png,1310,987,1429,1053,66,119
room,859_1.png,1752,786,1907,849,63,155
room,859_1.png,1626,1102,1788,1163,61,162
room,859_1.png,987,1104,1134,1165,61,147
room,859_1.png,1345,733,1492,800,67,147
room,859_1.png,1190,796,1327,857,61,137
room,859_1.png,1187,675,1235,725,50,48
room,859_1.png,971,672,1096,721,49,125
room,859_1.png,970,747,1094,800,53,124
room,859_1.png,993,849,1083,918,69,90
room,860_1.png,2693,667,2754,735,68,61
room,860_1.png,2688,837,2757,905,68,69
room,860_1.png,2697,1010,2748,1085,75,51
room,860_1.png,2695,1200,2749,1271,71,54
room,860_1.png,2691,1500,2761,1590,90,70
room,860_1.png,2432,845,2498,912,67,66
room,860_1.png,2429,1028,2535,1075,47,106
room,860_1.png,2460,1108,2517,1128,20,57
room,860_1.png,2472,1201,2527,1221,20,55
room,860_1.png,2479,1155,2540,1176,21,61
room,860_1.png,2434,1496,2541,1534,38,107
room,860_1.png,2486,1643,2538,1716,73,52
room,860_1.png,1994,674,2060,753,79,66
room,860_1.png,2002,834,2057,914,80,55
room,860_1.png,1987,1119,2072,1215,96,85
room,860_1.png,1738,843,1802,911,68,64
room,860_1.png,2002,1403,2058,1475,72,56
room,860_1.png,1790,1648,1844,1720,72,54
room,860_1.png,1744,1497,1847,1540,43,103
room,860_1.png,1787,1162,1847,1179,17,60
room,860_1.png,1767,1114,1824,1133,19,57
room,860_1.png,1779,1210,1835,1228,18,56
room,860_1.png,1740,1033,1845,1078,45,105
room,860_1.png,1067,746,1122,840,94,55
room,860_1.png,1067,920,1120,999,79,53
room,860_1.png,1045,1049,1152,1086,37,107
room,860_1.png,1075,1118,1136,1139,21,61
room,860_1.png,1093,1164,1155,1184,20,62
room,860_1.png,1085,1210,1142,1230,20,57
room,860_1.png,1056,1506,1159,1542,36,103
room,860_1.png,1098,1657,1147,1724,67,49
room,860_1.png,1275,926,1394,1036,110,119
room,860_1.png,347,1050,462,1091,41,115
room,860_1.png,378,1120,438,1144,24,60
room,860_1.png,402,1166,463,1190,24,61
room,860_1.png,395,1212,452,1234,22,57
room,860_1.png,379,1502,427,1546,44,48
room,860_1.png,603,1101,668,1200,99,65
room,860_1.png,413,1681,466,1730,49,53
room,860_1.png,1309,1409,1364,1484,75,55
room,860_1.png,1306,1635,1364,1703,68,58
room,860_1.png,1996,1624,2064,1707,83,68
room,860_1.png,2596,1348,2859,1781,433,263
room,861_1.png,2695,668,2751,738,70,56
room,861_1.png,2695,834,2747,904,70,52
room,861_1.png,2698,1013,2747,1085,72,49
room,861_1.png,2697,1201,2748,1271,70,51
room,861_1.png,2691,1498,2763,1591,93,72
room,861_1.png,2486,1642,2538,1716,74,52
room,861_1.png,2432,1494,2541,1533,39,109
room,861_1.png,2473,1202,2527,1221,19,54
room,861_1.png,2480,1154,2539,1177,23,59
room,861_1.png,2460,1108,2518,1129,21,58
room,861_1.png,2429,1029,2537,1075,46,108
room,861_1.png,2432,847,2491,913,66,59
room,861_1.png,1999,673,2058,756,83,59
room,861_1.png,1999,839,2058,915,76,59
room,861_1.png,1740,842,1800,909,67,60
room,861_1.png,1738,1031,1845,1077,46,107
room,861_1.png,1992,1121,2064,1211,90,72
room,861_1.png,1767,1113,1825,1133,20,58
room,861_1.png,1788,1160,1847,1180,20,59
room,861_1.png,1781,1209,1836,1228,19,55
room,861_1.png,2000,1402,2057,1474,72,57
room,861_1.png,1744,1497,1846,1539,42,102
room,861_1.png,1788,1647,1847,1721,74,59
room,861_1.png,2001,1631,2059,1703,72,58
room,861_1.png,1284,930,1391,1034,104,107
room,861_1.png,1067,920,1119,997,77,52
room,861_1.png,1046,1046,1151,1087,41,105
room,861_1.png,1076,1119,1135,1139,20,59
room,861_1.png,1092,1165,1156,1184,19,64
room,861_1.png,1087,1210,1142,1230,20,55
room,861_1.png,1053,1503,1158,1543,40,105
room,861_1.png,1310,1410,1360,1482,72,50
room,861_1.png,1305,1633,1365,1704,71,60
room,861_1.png,1091,1653,1154,1728,75,63
room,861_1.png,605,1100,665,1194,94,60
room,861_1.png,351,1053,459,1092,39,108
room,861_1.png,382,1122,439,1143,21,57
room,861_1.png,401,1167,464,1188,21,63
room,861_1.png,397,1215,454,1237,22,57
room,861_1.png,381,1503,427,1548,45,46
room,861_1.png,415,1687,467,1732,45,52
room,861_1.png,313,418,815,465,47,502
room,861_1.png,1065,747,1124,838,91,59
room,862_1.png,2424,1060,2532,1105,45,108
room,862_1.png,2452,1138,2514,1164,26,62
room,862_1.png,2466,1234,2522,1261,27,56
room,862_1.png,2471,1191,2533,1209,18,62
room,862_1.png,2476,1543,2546,1597,54,70
room,862_1.png,2682,962,2755,1049,87,73
room,862_1.png,2688,1253,2752,1340,87,64
room,862_1.png,2692,1437,2750,1518,81,58
room,862_1.png,2611,1525,2744,1546,21,133
room,862_1.png,1729,1063,1833,1111,48,104
room,862_1.png,1757,1143,1815,1165,22,58
room,862_1.png,1780,1194,1839,1212,18,59
room,862_1.png,1774,1238,1828,1258,20,54
room,862_1.png,1735,1534,1837,1577,43,102
room,862_1.png,1933,1238,2107,1322,84,174
room,862_1.png,1001,451,1475,522,71,474
room,862_1.png,1480,641,1553,1841,1200,73
room,862_1.png,909,643,987,1846,1203,78
room,862_1.png,1004,1877,1490,1975,98,486
room,862_1.png,1284,969,1357,1064,95,73
room,862_1.png,1295,1429,1356,1500,71,61
room,862_1.png,1040,1537,1143,1575,38,103
room,862_1.png,1035,1066,1141,1111,45,106
room,862_1.png,1067,1148,1126,1166,18,59
room,862_1.png,1085,1192,1148,1213,21,63
room,862_1.png,1076,1236,1137,1261,25,61
room,862_1.png,607,731,657,804,73,50
room,862_1.png,368,784,419,874,90,51
room,862_1.png,373,952,416,1031,79,43
room,862_1.png,599,970,668,1064,94,69
room,862_1.png,341,1074,449,1118,44,108
room,862_1.png,598,1248,668,1333,85,70
room,862_1.png,374,1152,431,1174,22,57
room,862_1.png,391,1196,454,1216,20,63
room,862_1.png,381,1245,441,1267,22,60
room,862_1.png,345,1540,450,1579,39,105
room,862_1.png,389,1680,447,1757,77,58
room,862_1.png,602,1546,669,1633,87,67
room,863_1.png,1781,1359,1872,1389,30,91
room,863_1.png,1793,1416,1914,1441,25,121
room,863_1.png,1312,1090,1397,1142,52,85
room,863_1.png,1111,1087,1170,1142,55,59
room,863_1.png,1111,1233,1177,1280,47,66
room,863_1.png,625,884,692,960,76,67
room,863_1.png,402,883,453,961,78,51
room,863_1.png,361,1083,470,1125,42,109
room,863_1.png,395,1156,451,1177,21,56
room,863_1.png,412,1202,475,1221,19,63
room,863_1.png,406,1246,465,1272,26,59
room,863_1.png,404,1496,498,1546,50,94
room,863_1.png,627,1356,692,1447,91,65
room,863_1.png,626,1085,685,1162,77,59
room,864_1.png,2916,369,2972,461,92,56
room,864_1.png,2641,266,2765,312,46,124
room,864_1.png,1248,1882,1329,1960,78,81
room,864_1.png,1008,1878,1102,1964,86,94
room,864_1.png,770,1878,862,1958,80,92
room,864_1.png,1146,1675,1262,1741,66,116
room,864_1.png,994,1675,1111,1741,66,117
room,864_1.png,840,1673,962,1741,68,122
room,864_1.png,1291,1657,1402,1681,24,111
room,864_1.png,557,1952,645,2025,73,88
room,864_1.png,385,1954,462,2034,80,77
room,864_1.png,345,1574,385,1680,106,40
room,864_1.png,681,158,858,204,46,177
room,865_1.png,2089,1036,2141,1094,58,52
room,865_1.png,2058,1192,2179,1257,65,121
room,865_1.png,2061,1351,2181,1430,79,120
room,865_1.png,1777,1215,1841,1265,50,64
room,865_1.png,1631,1097,1687,1139,42,56
room,865_1.png,2048,1767,2176,1882,115,128
room,865_1.png,1378,1748,1495,1803,55,117
room,865_1.png,1649,1316,1704,1361,45,55
room,866_1.png,1113,1269,1218,1312,43,105
room,866_1.png,1742,1271,1846,1311,40,104
room,866_1.png,2084,1809,2148,1841,32,64
room,866_1.png,1370,1729,1476,1766,37,106
room,867_1.png,1187,521,1243,550,29,56
room,867_1.png,1283,583,1351,635,52,68
room,867_1.png,1434,593,1491,615,22,57
room,867_1.png,1500,593,1564,617,24,64
room,867_1.png,1561,796,1602,832,36,41
room,867_1.png,1484,797,1534,816,19,50
room,867_1.png,1436,798,1472,855,57,36
room,867_1.png,1788,715,1892,775,60,104
room,867_1.png,1317,1347,1386,1397,50,69
room,868_1.png,2031,644,2082,668,24,51
room,868_1.png,2131,634,2161,662,28,30
room,868_1.png,1979,603,2026,625,22,47
room,868_1.png,2278,552,2346,581,29,68
room,868_1.png,1291,976,1429,1045,69,138
room,869_1.png,1019,674,1072,701,27,53
room,869_1.png,938,435,1001,456,21,63
room,869_1.png,1101,433,1165,455,22,64
room,869_1.png,1652,624,1749,647,23,97
room,869_1.png,1112,976,1236,1038,62,124
room,870_1.png,697,558,764,604,46,67
room,870_1.png,986,750,1083,815,65,97
room,870_1.png,986,982,1088,1053,71,102
room,870_1.png,1150,1161,1218,1189,28,68
room,870_1.png,1150,1286,1218,1314,28,68
room,870_1.png,641,1358,753,1421,63,112
room,870_1.png,681,900,801,962,62,120
room,872_1.png,746,1718,800,1736,18,54
room,872_1.png,1359,464,1382,479,15,23
room,872_1.png,1446,418,1470,437,19,24
room,872_1.png,1447,465,1469,485,20,22
room,872_1.png,1494,427,1513,465,38,19
room,872_1.png,1579,426,1601,457,31,22
room,872_1.png,1684,451,1721,461,10,37
room,872_1.png,1629,443,1654,453,10,25
room,872_1.png,1841,447,1892,464,17,51
room,872_1.png,1830,499,1880,511,12,50
room,872_1.png,1630,1685,1680,1703,18,50
room,872_1.png,1538,1691,1576,1704,13,38
room,872_1.png,1567,1722,1608,1740,18,41
room,873_1.png,1300,810,1355,849,39,55
room,873_1.png,1447,699,1490,724,25,43
room,873_1.png,1572,678,1616,706,28,44
room,873_1.png,1372,1023,1418,1037,14,46
room,873_1.png,1467,1010,1508,1028,18,41
room,873_1.png,1600,1277,1643,1303,26,43
room,873_1.png,1842,1453,1883,1479,26,41
room,873_1.png,1648,1678,1694,1708,30,46
room,873_1.png,1806,1684,1844,1710,26,38
room,873_1.png,1839,1748,1890,1774,26,51
room,873_1.png,2010,1708,2055,1736,28,45
room,873_1.png,2278,1635,2316,1659,24,38
room,873_1.png,2263,1248,2298,1268,20,35
room,873_1.png,2196,1260,2224,1275,15,28
room,873_1.png,1283,1114,1339,1147,33,56
room,873_1.png,1311,980,1366,1007,27,55
room,876_1.png,2031,831,2072,852,21,41
room,876_1.png,2234,820,2299,836,16,65
room,876_1.png,2472,817,2526,837,20,54
room,876_1.png,2698,816,2743,835,19,45
room,876_1.png,2888,1168,2938,1187,19,50
room,876_1.png,1863,839,1919,854,15,56
room,876_1.png,910,689,968,709,20,58
room,876_1.png,918,800,997,821,21,79
room,876_1.png,338,678,414,694,16,76
room,876_1.png,328,791,430,810,19,102
room,876_1.png,928,904,972,919,15,44
room,876_1.png,950,993,1040,1009,16,90
room,876_1.png,933,1208,989,1224,16,56
room,876_1.png,1044,1238,1094,1255,17,50
room,876_1.png,939,1297,992,1315,18,53
room,876_1.png,1040,1348,1101,1381,33,61
room,876_1.png,963,1502,1050,1520,18,87
room,876_1.png,671,1426,718,1440,14,47
room,876_1.png,696,1525,746,1537,12,50
room,876_1.png,565,1416,605,1434,18,40
room,876_1.png,440,1402,478,1417,15,38
room,876_1.png,456,1511,529,1525,14,73
room,876_1.png,577,1509,647,1525,16,70
room,876_1.png,2535,1490,2569,1506,16,34
room,876_1.png,2684,1493,2736,1507,14,52
room,876_1.png,2795,1491,2849,1508,17,54
room,876_1.png,2908,1422,2949,1438,16,41
room,877_1.png,532,1101,602,1118,17,70
room,877_1.png,523,1237,593,1246,9,70
room,877_1.png,600,1024,645,1036,12,45
room,877_1.png,623,857,653,868,11,30
room,877_1.png,765,801,809,812,11,44
room,877_1.png,775,891,807,903,12,32
room,877_1.png,890,783,937,798,15,47
room,877_1.png,906,846,954,861,15,48
room,877_1.png,1046,695,1107,709,14,61
room,877_1.png,1024,586,1050,595,9,26
room,877_1.png,1117,584,1174,597,13,57
room,877_1.png,590,702,659,729,27,69
room,877_1.png,795,651,837,663,12,42
room,877_1.png,733,1120,793,1137,17,60
room,877_1.png,2707,701,2772,717,16,65
room,877_1.png,3011,1296,3026,1346,50,15
room,878_1.png,976,567,1023,587,20,47
room,878_1.png,959,678,1022,696,18,63
room,878_1.png,806,565,824,606,41,18
room,878_1.png,803,668,815,718,50,12
room,878_1.png,839,801,887,814,13,48
room,878_1.png,826,840,877,853,13,51
room,878_1.png,939,825,995,838,13,56
room,878_1.png,929,894,979,905,11,50
room,878_1.png,505,770,573,785,15,68
room,878_1.png,612,975,709,991,16,97
room,878_1.png,550,1002,603,1016,14,53
room,878_1.png,781,1146,821,1160,14,40
room,878_1.png,2691,676,2756,704,28,65
room,878_1.png,2943,1260,2960,1312,52,17
room,878_1.png,548,636,601,654,18,53
room,879_1.png,1283,802,1339,820,18,56
room,879_1.png,1417,801,1449,814,13,32
room,879_1.png,1481,801,1547,815,14,66
room,879_1.png,1896,819,1952,835,16,56
room,879_1.png,2054,816,2080,831,15,26
room,879_1.png,2030,1070,2082,1085,15,52
room,879_1.png,1915,1022,1943,1052,30,28
room,879_1.png,2004,1125,2024,1138,13,20
room,879_1.png,1878,1133,1912,1164,31,34
room,879_1.png,1917,1287,1969,1301,14,52
room,879_1.png,2049,1266,2111,1279,13,62
room,879_1.png,1961,1387,2006,1399,12,45
room,879_1.png,1664,1081,1699,1098,17,35
room,879_1.png,1088,1293,1132,1310,17,44
room,879_1.png,1037,1420,1068,1434,14,31
room,879_1.png,1123,1420,1154,1434,14,31
room,879_1.png,1208,1419,1241,1434,15,33
room,879_1.png,852,1479,887,1492,13,35
room,879_1.png,857,1325,880,1339,14,23
room,879_1.png,1423,1231,1462,1248,17,39
room,879_1.png,1104,1632,1129,1667,35,25
room,879_1.png,1940,1563,1976,1579,16,36
room,879_1.png,2260,1993,2294,2009,16,34
room,880_1.png,1972,412,2002,431,19,30
room,880_1.png,1975,588,2002,601,13,27
room,880_1.png,1975,835,2003,851,16,28
room,880_1.png,1970,1037,2022,1055,18,52
room,880_1.png,1690,1033,1736,1050,17,46
room,880_1.png,1338,486,1374,502,16,36
room,880_1.png,1688,441,1726,462,21,38
room,880_1.png,1522,460,1553,479,19,31
room,880_1.png,1289,639,1319,654,15,30
room,880_1.png,1293,822,1319,838,16,26
room,880_1.png,1292,1000,1321,1019,19,29
room,880_1.png,1293,1100,1322,1116,16,29
room,880_1.png,1274,1305,1356,1318,13,82
room,880_1.png,616,1235,641,1252,17,25
room,880_1.png,853,1235,879,1250,15,26
room,880_1.png,1093,1235,1119,1250,15,26
room,880_1.png,1338,1928,1364,1948,20,26
room,880_1.png,1100,1928,1125,1949,21,25
room,880_1.png,381,1931,407,1950,19,26
room,880_1.png,619,1931,647,1949,18,28
room,880_1.png,859,1931,885,1948,17,26
room,880_1.png,1300,1640,1339,1653,13,39
room,880_1.png,519,1572,568,1588,16,49
room,880_1.png,892,1526,921,1541,15,29
room,880_1.png,305,1748,325,1764,16,20
room,880_1.png,1439,1817,1457,1827,10,18
room,880_1.png,1440,1567,1453,1579,12,13
room,880_1.png,1441,1645,1454,1656,11,13
room,880_1.png,1429,1181,1472,1197,16,43
room,880_1.png,1589,1055,1609,1069,14,20
room,880_1.png,1446,1229,1477,1240,11,31
room,880_1.png,1446,720,1467,735,15,21
room,880_1.png,1878,931,1897,948,17,19
room,880_1.png,1876,484,1894,501,17,18
room,881_1.png,1944,448,1971,462,14,27
room,881_1.png,1945,621,1972,635,14,27
room,881_1.png,1947,869,1973,884,15,26
room,881_1.png,1879,950,1924,966,16,45
room,881_1.png,1291,499,1326,514,15,35
room,881_1.png,1262,674,1290,687,13,28
room,881_1.png,1263,809,1289,824,15,26
room,881_1.png,1264,907,1290,923,16,26
room,881_1.png,1264,1036,1290,1051,15,26
room,881_1.png,1265,1135,1291,1150,15,26
room,881_1.png,1660,1067,1703,1083,16,43
room,881_1.png,586,1273,613,1287,14,27
room,881_1.png,827,1273,854,1286,13,27
room,881_1.png,1064,1268,1092,1286,18,28
room,881_1.png,1261,1233,1290,1248,15,29
room,881_1.png,1288,1360,1369,1371,11,81
room,881_1.png,1312,1966,1337,1982,16,25
room,881_1.png,1071,1969,1097,1981,12,26
room,881_1.png,594,1970,621,1983,13,27
room,881_1.png,834,1969,859,1983,14,25
room,881_1.png,354,1973,382,1988,15,28
room,881_1.png,448,1626,495,1637,11,47
room,881_1.png,1460,496,1490,513,17,30
room,881_1.png,1844,521,1862,535,14,18
room,881_1.png,1559,1071,1576,1087,16,17
room,881_1.png,1177,1418,1193,1433,15,16
room,881_1.png,1412,1599,1426,1612,13,14
room,881_1.png,1413,1679,1426,1692,13,13
room,881_1.png,1413,1851,1433,1863,12,20
room,881_1.png,868,1562,887,1575,13,19
room,881_1.png,269,1793,290,1804,11,21
room,881_1.png,1398,1220,1440,1234,14,42
room,881_1.png,1419,1262,1446,1275,13,27
room,881_1.png,509,1421,528,1437,16,19
room,888_1.png,1043,1120,1173,1158,38,130
room,888_1.png,2171,1099,2290,1137,38,119
room,888_1.png,2016,1483,2082,1509,26,66
room,888_1.png,2317,1379,2390,1403,24,73
room,888_1.png,2211,1766,2311,1794,28,100
room,888_1.png,1281,1489,1354,1516,27,73
room,888_1.png,977,1389,1056,1415,26,79
room,888_1.png,1263,1802,1409,1837,35,146
room,889_1.png,2256,1270,2316,1308,38,60
room,889_1.png,1673,1404,1745,1426,22,72
room,889_1.png,1825,1376,1899,1408,32,74
room,889_1.png,1826,1464,1906,1488,24,80
room,889_1.png,1971,1460,2031,1485,25,60
room,889_1.png,2049,1712,2171,1741,29,122
room,889_1.png,866,1266,929,1300,34,63
room,889_1.png,1473,1405,1531,1427,22,58
room,889_1.png,1288,1375,1364,1404,29,76
room,889_1.png,1296,1454,1368,1480,26,72
room,889_1.png,1147,1462,1205,1492,30,58
room,889_1.png,1013,1726,1113,1752,26,100
room,890_1.png,796,909,875,937,28,79
room,890_1.png,1557,888,1657,918,30,100
room,890_1.png,1087,897,1162,927,30,75
room,890_1.png,2003,891,2174,927,36,171
room,890_1.png,1874,1450,1954,1473,23,80
room,890_1.png,1081,1393,1157,1422,29,76
room,890_1.png,982,1718,1063,1749,31,81
room,890_1.png,1944,1731,2042,1754,23,98
room,891_1.png,674,887,760,927,40,86
room,891_1.png,993,879,1075,923,44,82
room,891_1.png,1319,868,1403,908,40,84
room,891_1.png,1672,868,1739,904,36,67
room,891_1.png,1774,1363,1847,1392,29,73
room,891_1.png,996,1411,1074,1435,24,78
room,891_1.png,893,1733,972,1757,24,79
room,891_1.png,1814,1715,1892,1746,31,78
room,892_1.png,670,1161,758,1192,31,88
room,892_1.png,1945,1103,2021,1138,35,76
room,892_1.png,1633,1117,1708,1154,37,75
room,892_1.png,1334,1141,1415,1171,30,81
room,892_1.png,1048,1143,1125,1178,35,77
room,892_1.png,1757,1346,1836,1376,30,79
room,892_1.png,1842,1703,1922,1736,33,80
room,892_1.png,922,1721,1003,1747,26,81
room,892_1.png,1040,1376,1116,1407,31,76
room,893_1.png,784,882,867,917,35,83
room,893_1.png,2033,962,2176,995,33,143
room,893_1.png,1573,1000,1659,1033,33,86
room,893_1.png,1100,882,1177,908,26,77
room,893_1.png,1127,1348,1202,1372,24,75
room,893_1.png,1918,1315,1994,1342,27,76
room,893_1.png,978,1722,1056,1749,27,78
room,893_1.png,1924,1718,2002,1744,26,78
room,894_1.png,681,921,769,948,27,88
room,894_1.png,1001,896,1081,927,31,80
room,894_1.png,1323,866,1401,896,30,78
room,894_1.png,1627,863,1697,896,33,70
room,894_1.png,1942,844,2021,877,33,79
room,894_1.png,912,1725,993,1753,28,81
room,894_1.png,1032,1391,1114,1419,28,82
room,894_1.png,1787,1404,1862,1429,25,75
room,894_1.png,1866,1717,1949,1747,30,83
room,896_1.png,633,787,743,817,30,110
room,896_1.png,1014,810,1076,840,30,62
room,896_1.png,2304,782,2408,817,35,104
room,896_1.png,855,1141,922,1171,30,67
room,896_1.png,513,1510,594,1542,32,81
room,896_1.png,774,1940,838,1969,29,64
room,896_1.png,1212,2020,1321,2057,37,109
room,896_1.png,2478,1497,2552,1527,30,74
room,897_1.png,2537,1394,2593,1422,28,56
room,897_1.png,2340,1779,2445,1810,31,105
room,897_1.png,2139,1592,2213,1623,31,74
room,897_1.png,1997,1552,2067,1574,22,70
room,897_1.png,1994,1654,2070,1676,22,76
room,897_1.png,1974,1924,2045,1949,25,71
room,897_1.png,933,1605,999,1626,21,66
room,897_1.png,1077,1543,1147,1565,22,70
room,897_1.png,1077,1646,1150,1667,21,73
room,897_1.png,795,1936,936,1963,27,141
room,898_1.png,611,930,768,1007,77,157
room,898_1.png,1660,909,1767,1000,91,107
room,898_1.png,2298,899,2445,947,48,147
room,898_1.png,1551,1242,1664,1293,51,113
room,898_1.png,1783,1245,1934,1290,45,151
room,898_1.png,1136,911,1217,954,43,81
room,898_1.png,2042,1574,2181,1614,40,139
room,898_1.png,2554,1736,2592,1763,27,38
room,898_1.png,2578,1918,2631,1968,50,53
room,898_1.png,2110,1892,2301,1943,51,191
room,898_1.png,981,1587,1122,1630,43,141
room,898_1.png,688,1800,721,1819,19,33
room,898_1.png,1211,2043,1253,2059,16,42
room,899_1.png,629,912,700,955,43,71
room,899_1.png,1112,892,1198,947,55,86
room,899_1.png,1567,892,1648,941,49,81
room,899_1.png,2434,904,2517,944,40,83
room,899_1.png,1977,892,2065,944,52,88
room,899_1.png,2017,1564,2159,1617,53,142
room,899_1.png,2113,1952,2203,1993,41,90
room,899_1.png,863,1880,1125,1928,48,262
room,899_1.png,943,1582,1085,1620,38,142
room,900_1.png,640,910,728,964,54,88
room,900_1.png,2460,894,2560,956,62,100
room,900_1.png,1993,894,2109,956,62,116
room,900_1.png,1585,894,1677,952,58,92
room,900_1.png,1122,894,1218,968,74,96
room,900_1.png,2055,1580,2202,1623,43,147
room,900_1.png,2146,1955,2235,2001,46,89
room,900_1.png,968,1585,1115,1630,45,147
room,900_1.png,833,1964,922,2007,43,89
room,901_1.png,583,905,659,954,49,76
room,901_1.png,1065,900,1157,951,51,92
room,901_1.png,1517,895,1604,943,48,87
room,901_1.png,1954,893,2038,943,50,84
room,901_1.png,2407,907,2488,949,42,81
room,901_1.png,2089,1954,2173,1996,42,84
room,901_1.png,1996,1569,2138,1610,41,142
room,901_1.png,905,1584,1050,1624,40,145
room,901_1.png,762,1965,855,2002,37,93
room,902_1.png,557,811,653,867,56,96
room,902_1.png,1314,855,1582,909,54,268
room,902_1.png,2305,897,2457,956,59,152
room,902_1.png,902,1586,1043,1625,39,141
room,902_1.png,1992,1577,2136,1625,48,144
room,902_1.png,2089,1957,2200,2005,48,111
room,902_1.png,755,1960,960,2011,51,205
room,903_1.png,679,935,760,977,42,81
room,903_1.png,1170,921,1248,952,31,78
room,903_1.png,1619,893,1689,946,53,70
room,903_1.png,2034,899,2115,949,50,81
room,903_1.png,2483,907,2567,949,42,84
room,903_1.png,2077,1589,2216,1618,29,139
room,903_1.png,1007,1593,1165,1637,44,158
room,903_1.png,2164,1964,2264,2005,41,100
room,903_1.png,878,1981,968,2026,45,90
room,904_1.png,994,410,1055,429,19,61
room,904_1.png,1078,516,1117,548,32,39
room,904_1.png,865,556,954,591,35,89
room,904_1.png,979,698,1027,749,51,48
room,904_1.png,1091,711,1129,760,49,38
room,904_1.png,789,707,859,743,36,70
room,904_1.png,899,898,965,930,32,66
room,904_1.png,1063,851,1100,887,36,37
room,904_1.png,1055,988,1100,1024,36,45
room,904_1.png,843,1309,900,1323,14,57
room,904_1.png,2661,1084,2705,1126,42,44
room,906_1.png,404,828,512,854,26,108
room,906_1.png,593,807,700,830,23,107
room,906_1.png,880,933,988,988,55,108
room,906_1.png,891,809,996,866,57,105
room,906_1.png,806,822,851,876,54,45
room,906_1.png,1062,808,1160,867,59,98
room,906_1.png,1067,937,1169,980,43,102
room,906_1.png,1276,821,1320,873,52,44
room,906_1.png,1388,903,1495,926,23,107
room,906_1.png,1570,737,1648,759,22,78
room,906_1.png,1549,941,1657,970,29,108
room,906_1.png,1629,841,1678,861,20,49
room,906_1.png,1724,838,1751,941,103,27
room,906_1.png,1889,853,1962,877,24,73
room,906_1.png,2033,838,2081,857,19,48
room,906_1.png,1898,698,1949,720,22,51
room,906_1.png,2026,734,2137,759,25,111
room,906_1.png,2027,886,2075,910,24,48
room,906_1.png,2064,964,2171,995,31,107
room,906_1.png,2664,934,2789,970,36,125
room,906_1.png,2290,836,2412,869,33,122
room,906_1.png,2625,1364,2730,1391,27,105
room,906_1.png,2203,1447,2311,1474,27,108
room,906_1.png,2081,1197,2128,1219,22,47
room,906_1.png,2027,1303,2135,1336,33,108
room,906_1.png,1923,1195,1969,1217,22,46
room,906_1.png,1863,1306,1967,1338,32,104
room,906_1.png,1708,1197,1760,1214,17,52
room,906_1.png,1713,1306,1820,1336,30,107
room,906_1.png,1605,1198,1661,1215,17,56
room,906_1.png,1553,1308,1666,1336,28,113
room,906_1.png,1392,1193,1448,1216,23,56
room,906_1.png,1391,1310,1499,1334,24,108
room,906_1.png,1236,1309,1347,1336,27,111
room,906_1.png,443,1308,550,1333,25,107
room,906_1.png,916,1309,1029,1335,26,113
room,906_1.png,764,1192,815,1218,26,51
room,906_1.png,654,1195,712,1219,24,58
room,906_1.png,767,1306,884,1334,28,117
room,906_1.png,597,1304,709,1336,32,112
room,906_1.png,973,1194,1025,1219,25,52
room,907_1.png,493,835,533,887,52,40
room,907_1.png,661,824,742,879,55,81
room,907_1.png,959,826,1067,850,24,108
room,907_1.png,1107,686,1184,723,37,77
room,907_1.png,1109,771,1160,796,25,51
room,907_1.png,1114,899,1162,923,24,48
room,907_1.png,913,1005,963,1024,19,50
room,907_1.png,1014,1003,1067,1025,22,53
room,907_1.png,1262,833,1309,889,56,47
room,907_1.png,1361,723,1464,776,53,103
room,907_1.png,1533,732,1614,758,26,81
room,907_1.png,1542,899,1618,924,25,76
room,907_1.png,1351,840,1387,856,16,36
room,907_1.png,1362,938,1464,993,55,102
room,907_1.png,1631,701,1679,729,28,48
room,907_1.png,1895,686,1949,710,24,54
room,907_1.png,2044,796,2181,888,92,137
room,907_1.png,1690,680,1723,700,20,33
room,907_1.png,2182,1014,2208,1030,16,26
room,907_1.png,2295,749,2402,777,28,107
room,907_1.png,2235,995,2297,1033,38,62
room,907_1.png,2652,856,2766,885,29,114
room,907_1.png,2654,1252,2781,1289,37,127
room,907_1.png,2245,1298,2386,1327,29,141
room,907_1.png,2024,1304,2133,1359,55,109
room,907_1.png,2029,1192,2079,1213,21,50
room,907_1.png,1921,1187,1971,1210,23,50
room,907_1.png,1872,1300,1975,1359,59,103
room,907_1.png,1709,1301,1814,1357,56,105
room,907_1.png,1553,1299,1663,1360,61,110
room,907_1.png,1713,1186,1762,1207,21,49
room,907_1.png,1603,1191,1657,1210,19,54
room,907_1.png,1394,1302,1500,1359,57,106
room,907_1.png,1397,1191,1445,1209,18,48
room,907_1.png,1291,1189,1340,1208,19,49
room,907_1.png,1241,1301,1346,1357,56,105
room,907_1.png,1076,1194,1123,1217,23,47
room,907_1.png,971,1194,1025,1213,19,54
room,907_1.png,924,1303,1028,1359,56,104
room,907_1.png,1084,1302,1187,1360,58,103
room,907_1.png,760,1298,868,1357,59,108
room,907_1.png,764,1191,817,1209,18,53
room,907_1.png,656,1187,705,1210,23,49
room,907_1.png,446,1192,499,1210,18,53
room,907_1.png,603,1304,710,1356,52,107
room,907_1.png,444,1299,551,1357,58,107
room,908_1.png,593,356,664,410,54,71
room,908_1.png,653,591,723,646,55,70
room,908_1.png,796,507,866,553,46,70
room,908_1.png,748,920,817,973,53,69
room,908_1.png,475,949,544,1002,53,69
room,908_1.png,571,1132,642,1184,52,71
room,908_1.png,506,1531,577,1582,51,71
room,908_1.png,715,1577,786,1629,52,71
room,908_1.png,1293,1335,1366,1389,54,73
room,908_1.png,1488,1203,1544,1246,43,56
room,908_1.png,1364,710,1435,763,53,71
room,908_1.png,1678,504,1748,553,49,70
room,908_1.png,1658,666,1728,718,52,70
room,908_1.png,1263,384,1336,439,55,73
room,908_1.png,1456,392,1528,446,54,72
room,908_1.png,2096,401,2167,453,52,71
room,908_1.png,2027,672,2097,723,51,70
room,908_1.png,2006,561,2088,577,16,82
room,908_1.png,2259,902,2332,955,53,73
room,909_1.png,597,305,669,359,54,72
room,909_1.png,1778,370,1795,384,14,17
room,909_1.png,1722,227,1790,281,54,68
room,909_1.png,2248,339,2320,391,52,72
room,909_1.png,2378,436,2447,489,53,69
room,909_1.png,724,1248,795,1303,55,71
room,910_1.png,487,293,559,347,54,72
room,910_1.png,596,472,667,525,53,71
room,910_1.png,501,644,571,695,51,70
room,910_1.png,740,663,812,719,56,72
room,910_1.png,486,881,548,935,54,62
room,910_1.png,751,1014,823,1068,54,72
room,910_1.png,431,1072,503,1128,56,72
room,910_1.png,433,1241,504,1292,51,71
room,910_1.png,728,1165,799,1219,54,71
room,910_1.png,409,1440,423,1453,13,14
room,910_1.png,640,1397,681,1409,12,41
room,910_1.png,1000,1389,1070,1441,52,70
room,910_1.png,1548,1568,1618,1625,57,70
room,910_1.png,1398,1364,1470,1416,52,72
room,910_1.png,1248,880,1320,930,50,72
room,910_1.png,1690,1218,1762,1269,51,72
room,910_1.png,1594,797,1654,854,57,60
room,910_1.png,1252,1129,1266,1143,14,14
room,910_1.png,1820,786,1887,839,53,67
room,910_1.png,2196,819,2269,874,55,73
room,910_1.png,1859,940,1927,994,54,68
room,910_1.png,1956,719,2011,771,52,55
room,910_1.png,2146,585,2219,638,53,73
room,910_1.png,1265,552,1313,566,14,48
room,911_1.png,794,402,868,458,56,74
room,911_1.png,761,781,833,834,53,72
room,911_1.png,647,802,717,854,52,70
room,911_1.png,850,897,905,935,38,55
room,911_1.png,849,978,904,1021,43,55
room,911_1.png,1248,195,1324,249,54,76
room,911_1.png,1326,627,1394,679,52,68
room,911_1.png,1248,818,1320,873,55,72
room,911_1.png,562,1130,634,1182,52,72
room,911_1.png,742,1348,813,1402,54,71
room,911_1.png,540,1542,612,1594,52,72
room,911_1.png,1924,450,1998,507,57,74
room,911_1.png,1724,329,1797,384,55,73
room,911_1.png,1892,817,1964,870,53,72
room,911_1.png,2147,905,2222,957,52,75
room,911_1.png,1921,1326,1995,1376,50,74
room,911_1.png,2145,1364,2219,1416,52,74
room,911_1.png,1509,1568,1581,1621,53,72
room,911_1.png,1686,602,1758,652,50,72
room,912_1.png,558,271,628,322,51,70
room,912_1.png,740,1227,809,1281,54,69
room,912_1.png,484,1236,555,1289,53,71
room,912_1.png,1458,1320,1530,1373,53,72
room,912_1.png,2018,524,2088,576,52,70
room,912_1.png,2082,973,2154,1024,51,72
room,912_1.png,2084,1078,2154,1130,52,70
room,912_1.png,2216,1396,2286,1446,50,70
room,912_1.png,2093,1544,2164,1599,55,71
room,912_1.png,1889,1537,1961,1590,53,72
room,913_1.png,1230,191,1300,234,43,70
room,913_1.png,1472,229,1540,281,52,68
room,913_1.png,1203,463,1257,504,41,54
room,913_1.png,1386,783,1454,836,53,68
room,913_1.png,1188,940,1258,995,55,70
room,913_1.png,1423,989,1492,1043,54,69
room,913_1.png,1688,1205,1756,1256,51,68
room,913_1.png,1248,1497,1318,1552,55,70
room,913_1.png,1633,1495,1700,1551,56,67
room,913_1.png,573,1461,641,1512,51,68
room,913_1.png,2018,409,2088,463,54,70
room,913_1.png,2039,609,2108,661,52,69
room,913_1.png,1689,592,1761,647,55,72
room,913_1.png,1956,880,2027,938,58,71
room,913_1.png,2185,921,2255,974,53,70
room,913_1.png,2038,1530,2107,1581,51,69
room,914_1.png,607,545,677,598,53,70
room,914_1.png,608,1023,677,1078,55,69
room,914_1.png,610,1499,679,1553,54,69
room,914_1.png,1353,432,1424,484,52,71
room,914_1.png,1748,691,1817,746,55,69
room,914_1.png,2060,513,2129,564,51,69
room,914_1.png,2061,584,2131,632,48,70
room,914_1.png,1982,1018,2050,1071,53,68
room,914_1.png,1983,1498,2052,1550,52,69
room,914_1.png,966,1107,1029,1154,47,63
room,914_1.png,1340,1051,1408,1102,51,68
room,914_1.png,1548,1077,1610,1125,48,62
room,914_1.png,1509,1609,1580,1664,55,71
room,915_1.png,769,322,827,338,16,58
room,915_1.png,751,740,822,792,52,71
room,915_1.png,749,1104,820,1153,49,71
room,915_1.png,750,1212,821,1265,53,71
room,915_1.png,751,1574,821,1626,52,70
room,915_1.png,1369,1238,1438,1289,51,69
room,915_1.png,1248,1395,1319,1446,51,71
room,915_1.png,1470,1414,1541,1468,54,71
room,915_1.png,2014,412,2086,468,56,72
room,915_1.png,2016,645,2086,696,51,70
room,915_1.png,1976,911,2050,965,54,74
room,915_1.png,1980,1388,2051,1443,55,71
room,916_1.png,751,236,821,289,53,70
room,916_1.png,750,703,822,757,54,72
room,916_1.png,750,1067,821,1119,52,71
room,916_1.png,569,1370,637,1422,52,68
room,916_1.png,1280,1409,1351,1459,50,71
room,916_1.png,1464,1160,1533,1211,51,69
room,916_1.png,1740,1093,1811,1142,49,71
room,916_1.png,1585,1334,1648,1385,51,63
room,916_1.png,1344,265,1413,316,51,69
room,916_1.png,1564,347,1620,391,44,56
room,916_1.png,1567,436,1621,477,41,54
room,916_1.png,1160,334,1217,374,40,57
room,916_1.png,1160,419,1217,463,44,57
room,916_1.png,1482,725,1550,773,48,68
room,916_1.png,1398,830,1469,882,52,71
room,916_1.png,1222,892,1293,945,53,71
room,916_1.png,2016,1321,2087,1369,48,71
room,916_1.png,2020,1394,2090,1446,52,70
room,917_1.png,611,558,682,607,49,71
room,917_1.png,610,1038,680,1092,54,70
room,917_1.png,610,1513,682,1568,55,72
room,917_1.png,1359,443,1432,496,53,73
room,917_1.png,1348,1067,1418,1117,50,70
room,917_1.png,1554,1093,1615,1139,46,61
room,917_1.png,1175,1059,1231,1101,42,56
room,917_1.png,972,1166,1035,1218,52,63
room,917_1.png,1749,1170,1816,1219,49,67
room,917_1.png,1753,707,1825,760,53,72
room,917_1.png,1931,530,2002,580,50,71
room,917_1.png,1931,600,2004,651,51,73
room,917_1.png,1991,1033,2061,1088,55,70
room,917_1.png,1990,1514,2060,1566,52,70
room,917_1.png,1515,1627,1584,1675,48,69
room,918_1.png,820,300,893,352,52,73
room,918_1.png,686,1371,758,1423,52,72
room,918_1.png,677,1590,748,1642,52,71
room,918_1.png,763,1590,833,1644,54,70
room,918_1.png,1479,1442,1548,1494,52,69
room,918_1.png,1240,1442,1312,1496,54,72
room,918_1.png,1597,960,1610,977,17,13
room,918_1.png,1979,462,2051,513,51,72
room,918_1.png,1981,935,2054,988,53,73
room,918_1.png,1987,1408,2057,1460,52,70
room,919_1.png,673,227,744,278,51,71
room,919_1.png,765,224,836,278,54,71
room,919_1.png,673,609,741,659,50,68
room,919_1.png,765,609,838,664,55,73
room,919_1.png,673,699,744,753,54,71
room,919_1.png,766,699,835,752,53,69
room,919_1.png,673,1083,743,1133,50,70
room,919_1.png,766,1087,835,1139,52,69
room,919_1.png,672,1175,742,1227,52,70
room,919_1.png,763,1175,834,1226,51,71
room,919_1.png,645,1544,715,1597,53,70
room,919_1.png,1172,261,1227,294,33,55
room,919_1.png,1176,358,1233,402,44,57
room,919_1.png,1343,317,1414,369,52,71
room,919_1.png,1556,368,1610,410,42,54
room,919_1.png,1374,855,1444,906,51,70
room,919_1.png,1216,1387,1285,1440,53,69
room,919_1.png,1367,980,1435,1033,53,68
room,919_1.png,1331,1280,1400,1334,54,69
room,919_1.png,1560,1201,1616,1244,43,56
room,919_1.png,1558,1324,1611,1366,42,53
room,919_1.png,1231,1525,1302,1575,50,71
room,919_1.png,1412,1563,1481,1615,52,69
room,919_1.png,1981,412,2052,466,54,71
room,919_1.png,1986,894,2054,947,53,68
room,919_1.png,1987,1371,2055,1423,52,68
room,920_1.png,498,1155,566,1211,56,68
room,920_1.png,777,1254,834,1295,41,57
room,920_1.png,498,1397,568,1451,54,70
room,920_1.png,567,513,635,566,53,68
room,920_1.png,1464,790,1533,846,56,69
room,920_1.png,1186,867,1255,920,53,69
room,920_1.png,1229,987,1288,1028,41,59
room,920_1.png,1159,987,1213,1030,43,54
room,920_1.png,1507,1115,1576,1170,55,69
room,920_1.png,1472,1626,1539,1676,50,67
room,920_1.png,1935,669,2005,721,52,70
room,920_1.png,1345,841,1416,893,52,71
room,921_1.png,604,861,679,912,51,75
room,921_1.png,609,659,680,714,55,71
room,921_1.png,685,1124,755,1178,54,70
room,921_1.png,606,1370,676,1424,54,70
room,921_1.png,1453,769,1522,824,55,69
room,921_1.png,1232,769,1301,822,53,69
room,921_1.png,1361,1120,1430,1177,57,69
room,921_1.png,1243,1439,1323,1493,54,80
room,921_1.png,1444,1413,1514,1466,53,70
room,921_1.png,1883,809,1953,864,55,70
room,921_1.png,2073,830,2144,881,51,71
room,921_1.png,1960,1019,2031,1072,53,71
room,922_1.png,748,461,816,513,52,68
room,922_1.png,681,745,751,800,55,70
room,922_1.png,637,1003,707,1058,55,70
room,922_1.png,755,1495,828,1552,57,73
room,922_1.png,1417,478,1487,530,52,70
room,922_1.png,1344,794,1411,812,18,67
room,922_1.png,1463,1197,1533,1249,52,70
room,922_1.png,1180,1472,1200,1493,21,20
room,922_1.png,2015,820,2085,872,52,70
room,922_1.png,1892,1315,1960,1367,52,68
room,922_1.png,2135,1284,2206,1335,51,71
room,922_1.png,2022,1437,2092,1488,51,70
room,923_1.png,1257,989,1377,1042,53,120
room,923_1.png,1419,1011,1477,1061,50,58
room,923_1.png,1543,1135,1647,1188,53,104
room,923_1.png,1760,997,1889,1045,48,129
room,923_1.png,1306,1606,1368,1661,55,62
room,923_1.png,1306,1740,1415,1800,60,109
room,923_1.png,1549,1742,1647,1791,49,98
room,923_1.png,1555,1630,1612,1689,59,57
room,923_1.png,2340,1751,2443,1803,52,103
room,924_1.png,1543,421,1564,434,13,21
room,924_1.png,1564,562,1594,576,14,30
room,924_1.png,1908,385,1927,398,13,19
room,924_1.png,1985,375,2013,401,26,28
room,924_1.png,1707,397,1730,407,10,23
room,924_1.png,1792,478,1834,491,13,42
room,924_1.png,1917,540,1937,555,15,20
room,924_1.png,1784,557,1811,571,14,27
room,924_1.png,1778,983,1807,997,14,29
room,924_1.png,1962,965,2009,1008,43,47
room,924_1.png,2009,1134,2037,1146,12,28
room,924_1.png,1931,1351,1981,1367,16,50
room,924_1.png,2009,1541,2034,1554,13,25
room,924_1.png,1881,1729,1921,1741,12,40
room,924_1.png,1771,1727,1804,1739,12,33
room,924_1.png,1684,1718,1712,1729,11,28
room,924_1.png,1588,1667,1608,1703,36,20
room,924_1.png,1481,1686,1498,1722,36,17
room,924_1.png,1758,1412,1780,1425,13,22
room,924_1.png,1657,1553,1681,1565,12,24
room,924_1.png,1617,1524,1655,1533,9,38
room,924_1.png,1525,1536,1551,1558,22,26
room,924_1.png,1518,1280,1538,1294,14,20
room,924_1.png,1300,1646,1326,1661,15,26
room,924_1.png,1195,1458,1236,1469,11,41
room,924_1.png,1338,1455,1362,1468,13,24
room,924_1.png,1282,1316,1317,1330,14,35
room,924_1.png,825,1133,853,1148,15,28
room,924_1.png,865,859,910,874,15,45
room,924_1.png,863,997,915,1012,15,52
room,924_1.png,1160,957,1197,971,14,37
room,924_1.png,802,511,848,530,19,46
room,930_1.png,1415,1308,1548,1349,41,133
room,930_1.png,1416,726,1526,758,32,110
room,930_1.png,1723,771,1835,808,37,112
room,930_1.png,1694,1306,1820,1352,46,126
room,930_1.png,1114,1304,1241,1348,44,127
room,930_1.png,1959,1339,2079,1375,36,120
room,930_1.png,1914,750,1998,789,39,84
room,930_1.png,1026,1025,1157,1085,60,131
room,931_1.png,1046,1012,1171,1069,57,125
room,931_1.png,1124,1300,1238,1340,40,114
room,931_1.png,1419,1312,1551,1344,32,132
room,931_1.png,1698,1308,1832,1350,42,134
room,931_1.png,1941,1336,2081,1375,39,140
room,931_1.png,1691,776,1809,806,30,118
room,931_1.png,1929,742,1998,782,40,69
room,932_1.png,1130,1322,1266,1385,63,136
room,932_1.png,1423,1329,1587,1378,49,164
room,932_1.png,1716,1333,1859,1378,45,143
room,932_1.png,1957,1357,2097,1409,52,140
room,932_1.png,1413,834,1556,890,56,143
room,932_1.png,1713,799,1831,841,42,118
room,932_1.png,1929,768,2023,816,48,94
room,932_1.png,1054,1025,1187,1088,63,133
room,932_1.png,1060,893,1112,920,27,52
room,932_1.png,1171,914,1278,948,34,107
room,933_1.png,1566,1315,1686,1356,41,120
room,933_1.png,1054,1455,1132,1531,76,78
room,933_1.png,1153,1313,1228,1372,59,75
room,933_1.png,1069,1178,1208,1234,56,139
room,933_1.png,1040,1018,1171,1055,37,131
room,933_1.png,1243,1153,1326,1217,64,83
room,933_1.png,1059,894,1118,931,37,59
room,933_1.png,1480,889,1558,924,35,78
room,933_1.png,1638,708,1853,848,140,215
room,933_1.png,1351,889,1395,913,24,44
room,933_1.png,1919,746,2023,822,76,104
room,933_1.png,1932,1384,2057,1425,41,125
room,933_1.png,2070,1379,2176,1432,53,106
room,933_1.png,1964,1271,2165,1324,53,201
room,933_1.png,1180,1449,1298,1527,78,118
room,933_1.png,1168,926,1279,966,40,111
room,934_1.png,2088,1363,2197,1404,41,109
room,934_1.png,1994,1379,2075,1418,39,81
room,934_1.png,1900,1387,1978,1417,30,78
room,934_1.png,1981,1261,2053,1294,33,72
room,934_1.png,1937,761,2023,802,41,86
room,934_1.png,1772,873,1888,926,53,116
room,934_1.png,1760,709,1877,747,38,117
room,934_1.png,1973,686,2019,714,28,46
room,935_1.png,1620,1094,1694,1141,47,74
room,935_1.png,1765,1207,1848,1272,65,83
room,935_1.png,2084,1028,2146,1100,72,62
room,935_1.png,2081,1216,2148,1263,47,67
room,935_1.png,2105,1386,2157,1433,47,52
room,935_1.png,2074,1820,2160,1889,69,86
room,935_1.png,1651,1724,1765,1862,138,114
room,935_1.png,1373,1749,1495,1808,59,122
room,935_1.png,2045,1330,2188,1454,124,143
room,935_1.png,1590,994,1734,1215,221,144
room,935_1.png,2045,993,2190,1160,167,145
room,936_1.png,1097,1260,1230,1329,69,133
room,936_1.png,1724,1258,1853,1323,65,129
room,936_1.png,2073,1788,2156,1870,82,83
room,936_1.png,1357,1722,1487,1773,51,130
room,943_1.png,2658,714,2729,751,37,71
room,943_1.png,2687,946,2756,975,29,69
room,943_1.png,2689,1019,2754,1046,27,65
room,943_1.png,2596,1189,2729,1220,31,133
room,943_1.png,2315,1219,2380,1246,27,65
room,943_1.png,2013,755,2069,799,44,56
room,943_1.png,1999,865,2052,895,30,53
room,943_1.png,2302,823,2372,843,20,70
room,943_1.png,2143,1063,2192,1091,28,49
room,943_1.png,2616,980,2655,1019,39,39
room,943_1.png,2492,1060,2542,1084,24,50
room,943_1.png,579,764,752,782,18,173
room,943_1.png,1088,713,1159,730,17,71
room,943_1.png,1174,881,1229,895,14,55
room,943_1.png,920,781,991,797,16,71
room,943_1.png,1218,1251,1261,1267,16,43
room,943_1.png,1049,1254,1091,1272,18,42
room,943_1.png,864,1279,924,1299,20,60
room,943_1.png,728,1181,781,1196,15,53
room,943_1.png,698,1326,740,1342,16,42
room,943_1.png,1191,966,1251,990,24,60
room,943_1.png,1196,1027,1261,1058,31,65
room,943_1.png,1191,949,1303,997,48,112
room,943_1.png,1158,1001,1300,1076,75,142
room,943_1.png,1143,1138,1307,1374,236,164
room,943_1.png,976,1139,1140,1381,242,164
room,943_1.png,860,1143,980,1386,243,120
room,943_1.png,655,1144,857,1279,135,202
room,943_1.png,654,1280,857,1389,109,203
room,944_1.png,2601,1346,2679,1372,26,78
room,944_1.png,2506,1341,2570,1366,25,64
room,944_1.png,2540,1031,2610,1055,24,70
room,944_1.png,1832,990,1993,1045,55,161
room,945_1.png,1195,733,1256,761,28,61
room,946_1.png,470,1773,2752,1828,55,2282
room,946_1.png,2035,861,2085,881,20,50
room,946_1.png,2390,772,2448,802,30,58
room,946_1.png,2413,880,2443,908,28,30
room,946_1.png,679,1314,790,1350,36,111
room,946_1.png,1110,1315,1167,1364,49,57
room,946_1.png,1550,1306,1671,1359,53,121
room,946_1.png,2232,1262,2309,1312,50,77
room,946_1.png,1507,817,1586,856,39,79
room,946_1.png,1745,817,1826,866,49,81
room,946_1.png,1200,696,1282,727,31,82
room,946_1.png,1223,862,1296,891,29,73
room,947_1.png,623,1392,670,1430,38,47
room,947_1.png,914,1366,982,1401,35,68
room,947_1.png,1185,1369,1236,1394,25,51
room,947_1.png,1169,815,1255,860,45,86
room,947_1.png,1011,993,1065,1027,34,54
room,947_1.png,1915,1219,1983,1249,30,68
room,948_1.png,667,1377,720,1408,31,53
room,948_1.png,1254,1340,1352,1370,30,98
room,948_1.png,2304,1361,2351,1397,36,47
room,948_1.png,1349,792,1408,819,27,59
room,948_1.png,1253,1017,1340,1048,31,87
room,948_1.png,1185,850,1244,874,24,59
room,948_1.png,1022,998,1077,1028,30,55
room,948_1.png,1874,1189,1963,1229,40,89
room,949_1.png,978,815,1014,843,28,36
room,949_1.png,904,1047,954,1080,33,50
room,949_1.png,1527,1007,1620,1100,93,93
room,949_1.png,1053,1055,1113,1086,31,60
room,949_1.png,1209,715,1304,741,26,95
room,949_1.png,1352,715,1457,743,28,105
room,949_1.png,1528,733,1590,767,34,62
room,949_1.png,1620,732,1687,760,28,67
room,949_1.png,1432,838,1486,860,22,54
room,949_1.png,1186,825,1275,850,25,89
room,949_1.png,1667,805,1723,830,25,56
room,949_1.png,1853,734,1924,759,25,71
room,949_1.png,2199,846,2260,871,25,61
room,949_1.png,2289,849,2351,873,24,62
room,949_1.png,2421,754,2484,799,45,63
room,949_1.png,2536,710,2603,737,27,67
room,949_1.png,2624,708,2691,734,26,67
room,949_1.png,2581,877,2643,905,28,62
room,949_1.png,2453,947,2506,979,32,53
room,949_1.png,2083,1133,2154,1159,26,71
room,949_1.png,2271,1142,2323,1161,19,52
room,949_1.png,2252,1216,2343,1236,20,91
room,949_1.png,2410,1177,2480,1200,23,70
room,949_1.png,2591,1179,2656,1209,30,65
room,949_1.png,2572,1091,2652,1116,25,80
room,949_1.png,2461,1092,2538,1117,25,77
room,949_1.png,2505,1208,2539,1238,30,34
room,949_1.png,1032,1200,1110,1235,35,78
room,949_1.png,896,1215,964,1239,24,68
room,949_1.png,884,1147,946,1165,18,62
room,950_1.png,2088,866,2478,971,105,390
room,950_1.png,1822,1104,2002,1249,145,180
room,950_1.png,1366,724,1588,876,152,222
room,951_1.png,2069,1069,2271,1248,179,202
room,951_1.png,1343,1323,1616,1411,88,273
room,951_1.png,786,1228,976,1392,164,190
room,951_1.png,1768,730,1946,875,145,178
room,951_1.png,1942,638,2101,733,95,159
room,951_1.png,1042,641,1127,682,41,85
room,951_1.png,1205,639,1270,670,31,65
room,951_1.png,1315,839,1389,888,49,74
room,952_1.png,1986,1966,2100,2022,56,114
room,952_1.png,2202,1974,2312,2017,43,110
room,952_1.png,2437,1971,2532,2022,51,95
room,952_1.png,2668,1966,2754,2018,52,86
room,952_1.png,2837,1967,2930,2023,56,93
room,952_1.png,2648,1637,2771,1717,80,123
room,952_1.png,2659,1426,2757,1495,69,98
room,952_1.png,2657,1188,2755,1268,80,98
room,952_1.png,2652,989,2755,1036,47,103
room,952_1.png,2661,771,2757,815,44,96
room,952_1.png,2654,543,2760,601,58,106
room,952_1.png,2658,360,2751,418,58,93
room,952_1.png,2332,548,2433,590,42,101
room,952_1.png,2312,1141,2450,1170,29,138
room,952_1.png,2323,1282,2444,1308,26,121
room,952_1.png,2238,1228,2308,1247,19,70
room,952_1.png,1993,1216,2089,1256,40,96
room,952_1.png,1935,922,2000,956,34,65
room,952_1.png,1675,408,1762,454,46,87
room,952_1.png,1001,1450,1066,1482,32,65
room,952_1.png,1302,1345,1502,1370,25,200
room,952_1.png,1310,1156,1375,1181,25,65
room,952_1.png,1027,1280,1101,1308,28,74
room,952_1.png,970,1155,1032,1177,22,62
room,952_1.png,1067,1141,1114,1165,24,47
room,952_1.png,1015,1038,1112,1070,32,97
room,952_1.png,1017,925,1119,951,26,102
room,952_1.png,1030,807,1100,853,46,70
room,952_1.png,1310,821,1408,850,29,98
room,952_1.png,1296,917,1358,942,25,62
room,952_1.png,1294,418,1356,442,24,62
room,952_1.png,990,647,1059,684,37,69
room,952_1.png,1049,578,1103,613,35,54
room,952_1.png,1005,489,1074,524,35,69
room,952_1.png,1036,345,1108,379,34,72
room,952_1.png,1070,234,1166,253,19,96
room,952_1.png,1985,1647,2088,1718,71,103
room,952_1.png,1981,1432,2085,1479,47,104
room,952_1.png,2413,1449,2505,1487,38,92
room,952_1.png,2349,1378,2398,1404,26,49
room,952_1.png,2265,1489,2345,1527,38,80
room,952_1.png,2369,1521,2396,1543,22,27
room,952_1.png,2361,1467,2404,1487,20,43
room,952_1.png,2411,1511,2484,1540,29,73
room,952_1.png,1079,644,1108,666,22,29
room,952_1.png,1424,796,1450,878,82,26
room,952_1.png,1333,1047,1410,1076,29,77
room,953_1.png,2640,1978,2746,2031,53,106
room,953_1.png,2411,1976,2517,2025,49,106
room,953_1.png,2187,1968,2301,2023,55,114
room,953_1.png,1979,1974,2073,2025,51,94
room,953_1.png,2639,1660,2741,1718,58,102
room,953_1.png,2642,1439,2735,1482,43,93
room,953_1.png,2642,1212,2735,1265,53,93
room,953_1.png,2646,1027,2735,1083,56,89
room,953_1.png,1967,1657,2080,1714,57,113
room,953_1.png,1970,1438,2069,1483,45,99
room,953_1.png,1961,1219,2098,1278,59,137
room,953_1.png,2405,1533,2449,1559,26,44
room,953_1.png,2338,1473,2384,1497,24,46
room,953_1.png,2390,1454,2469,1472,18,79
room,953_1.png,2346,1521,2375,1545,24,29
room,953_1.png,2237,1489,2329,1515,26,92
room,953_1.png,2360,1383,2421,1411,28,61
room,953_1.png,2364,1291,2440,1312,21,76
room,953_1.png,2361,1151,2435,1173,22,74
room,953_1.png,2221,1233,2288,1258,25,67
room,953_1.png,1505,542,1566,595,53,61
room,953_1.png,1343,535,1408,582,47,65
room,953_1.png,1256,539,1308,562,23,52
room,953_1.png,1240,643,1325,661,18,85
room,953_1.png,1878,542,1970,586,44,92
room,953_1.png,1663,540,1739,583,43,76
room,953_1.png,2165,528,2238,564,36,73
room,953_1.png,2457,590,2527,624,34,70
room,953_1.png,1939,990,2092,1028,38,153
room,953_1.png,785,611,892,650,39,107
room,953_1.png,602,559,683,603,44,81
room,953_1.png,746,481,800,501,20,54
room,953_1.png,966,481,1028,501,20,62
room,953_1.png,1065,481,1110,498,17,45
room,953_1.png,826,481,886,501,20,60
room,953_1.png,903,472,957,500,28,54
room,953_1.png,1235,800,1438,862,62,203
room,953_1.png,668,417,733,458,41,65
room,955_1.png,875,1298,999,1359,61,124
room,955_1.png,1932,1177,2106,1248,71,174
room,955_1.png,1604,1195,1721,1252,57,117
room,956_1.png,2280,1252,2440,1355,103,160
room,956_1.png,1615,1181,1814,1241,60,199
room,956_1.png,1270,1216,1448,1288,72,178
room,957_1.png,619,1366,772,1426,60,153
room,957_1.png,1373,1284,1554,1355,71,181
room,957_1.png,1753,1291,1881,1355,64,128
room,957_1.png,2480,1308,2615,1379,71,135
room,958_1.png,2398,1277,2512,1341,64,114
room,958_1.png,1497,1195,1611,1266,71,114
room,958_1.png,619,1284,761,1359,75,142
room,959_1.png,814,1074,942,1124,50,128
room,959_1.png,1483,957,1668,1017,60,185
room,959_1.png,1828,985,1988,1035,50,160
room,959_1.png,2590,1049,2721,1106,57,131
room,960_1.png,2376,1056,2504,1138,82,128
room,960_1.png,1668,935,1867,1017,82,199
room,960_1.png,1298,896,1526,960,64,228
room,960_1.png,558,999,836,1156,157,278
room,961_1.png,2819,1055,2954,1107,52,135
room,961_1.png,2267,955,2439,1003,48,172
room,961_1.png,1583,986,1693,1041,55,110
room,961_1.png,1956,924,2080,993,69,124
room,961_1.png,902,1062,992,1121,59,90
room,962_1.png,2484,1050,2579,1120,70,95
room,962_1.png,1752,976,1900,1029,53,148
room,962_1.png,1400,984,1509,1033,49,109
room,962_1.png,716,1057,832,1106,49,116
room,963_1.png,2143,1029,2286,1109,80,143
room,963_1.png,1397,987,1508,1053,66,111
room,963_1.png,326,1042,480,1108,66,154
room,964_1.png,2070,1085,2184,1152,67,114
room,964_1.png,1412,1092,1526,1138,46,114
room,964_1.png,654,1089,782,1146,57,128
room,964_1.png,1209,522,1337,565,43,128
room,965_1.png,1131,727,1175,750,23,44
room,965_1.png,1355,704,1435,730,26,80
room,965_1.png,884,753,935,779,26,51
room,965_1.png,1712,758,1823,812,54,111
room,966_1.png,2897,515,3066,1650,1135,169
room,966_1.png,1275,611,1331,634,23,56
room,966_1.png,1010,609,1087,634,25,77
room,966_1.png,806,645,837,668,23,31
room,967_1.png,1419,1378,1479,1410,32,60
room,967_1.png,1670,1387,1732,1414,27,62
room,967_1.png,1408,974,1470,1010,36,62
room,967_1.png,1503,998,1569,1040,42,66
room,967_1.png,1773,1016,1825,1046,30,52
room,967_1.png,2058,1013,2116,1043,30,58
room,968_1.png,1352,746,2568,846,100,1216
room,968_1.png,2079,1020,2229,1064,44,150
room,968_1.png,1521,1025,1587,1051,26,66
room,968_1.png,1413,1001,1479,1027,26,66
room,968_1.png,1664,1011,1740,1035,24,76
room,968_1.png,1846,1013,1913,1034,21,67
room,968_1.png,1629,1116,1681,1143,27,52
room,968_1.png,1954,1053,1992,1081,28,38
room,968_1.png,1955,1119,1989,1143,24,34
room,969_1.png,2042,1623,2095,1648,25,53
room,969_1.png,2186,1367,2249,1397,30,63
room,969_1.png,1620,1104,1676,1139,35,56
room,969_1.png,2450,756,2535,800,44,85
room,969_1.png,2534,1240,2609,1270,30,75
room,970_1.png,2091,525,2132,544,19,41
room,970_1.png,2085,590,2123,616,26,38
room,970_1.png,2375,489,2435,515,26,60
room,970_1.png,2319,797,2360,824,27,41
room,970_1.png,2392,677,2483,701,24,91
room,970_1.png,2551,673,2602,697,24,51
room,970_1.png,2093,1817,2172,1839,22,79
room,970_1.png,1147,1809,1207,1829,20,60
room,970_1.png,1150,1899,1210,1922,23,60
room,970_1.png,771,1676,826,1699,23,55
room,971_1.png,2126,1693,2210,1730,37,84
room,971_1.png,2265,1568,2339,1599,31,74
room,971_1.png,2594,1579,2630,1613,34,36
room,971_1.png,2603,1526,2645,1551,25,42
room,971_1.png,2599,1400,2652,1427,27,53
room,971_1.png,2600,1295,2657,1334,39,57
room,971_1.png,2575,1024,2623,1059,35,48
room,971_1.png,2595,883,2650,914,31,55
room,971_1.png,2317,1313,2365,1352,39,48
room,971_1.png,2139,422,2183,452,30,44
room,971_1.png,1407,270,1484,329,59,77
room,971_1.png,1873,282,1944,339,57,71
room,971_1.png,1817,709,1887,752,43,70
room,971_1.png,1539,1076,1645,1115,39,106
room,971_1.png,1568,719,1665,760,41,97
room,971_1.png,1836,1023,1909,1072,49,73
room,971_1.png,1924,1353,2015,1420,67,91
room,971_1.png,1610,1362,1712,1418,56,102
room,971_1.png,760,471,843,539,68,83
room,971_1.png,1026,843,1131,891,48,105
room,971_1.png,672,1257,730,1285,28,58
room,971_1.png,684,1417,723,1438,21,39
room,971_1.png,700,1673,742,1719,46,42
room,971_1.png,1094,1256,1164,1301,45,70
room,971_1.png,1023,1101,1142,1143,42,119
room,972_1.png,2612,1096,2651,1123,27,39
room,972_1.png,2601,862,2651,885,23,50
room,972_1.png,1338,468,1428,508,40,90
room,972_1.png,2494,531,2554,561,30,60
room,972_1.png,2197,488,2284,522,34,87
room,972_1.png,1396,1351,1465,1379,28,69
room,972_1.png,1524,1351,1588,1376,25,64
room,972_1.png,2211,748,2283,782,34,72
room,972_1.png,2197,952,2249,979,27,52
room,973_1.png,1970,1879,2009,1914,35,39
room,973_1.png,2175,1666,2213,1696,30,38
room,973_1.png,2047,1682,2086,1712,30,39
room,973_1.png,1939,1679,1979,1710,31,40
room,973_1.png,2140,1882,2171,1911,29,31
room,973_1.png,1989,1555,2055,1583,28,66
room,973_1.png,1546,1513,1609,1538,25,63
room,973_1.png,1664,1511,1734,1535,24,70
room,973_1.png,1347,1660,1389,1691,31,42
room,973_1.png,2206,472,2270,501,29,64
room,973_1.png,2190,563,2235,597,34,45
room,973_1.png,2080,495,2154,543,48,74
room,973_1.png,2390,661,2477,694,33,87
room,973_1.png,2593,1314,2671,1338,24,78
room,973_1.png,2601,1091,2658,1127,36,57
room,973_1.png,1618,204,1676,237,33,58
room,973_1.png,1737,211,1784,239,28,47
room,973_1.png,1049,216,1143,250,34,94
room,974_1.png,1298,947,1363,984,37,65
room,974_1.png,1302,1074,1370,1106,32,68
room,974_1.png,1306,1210,1367,1238,28,61
room,974_1.png,2554,1023,2622,1047,24,68
room,974_1.png,2549,1377,2641,1406,29,92
room,975_1.png,1143,999,1193,1038,39,50
room,975_1.png,1263,986,1319,1046,60,56
room,975_1.png,1408,988,1460,1049,61,52
room,975_1.png,2194,1020,2270,1072,52,76
room,975_1.png,1547,977,1597,1042,65,50
room,975_1.png,1679,964,1753,1053,89,74
room,975_1.png,1833,977,1892,1053,76,59
room,975_1.png,1981,974,2026,1044,70,45
room,975_1.png,2303,1367,2357,1406,39,54
room,975_1.png,2009,1371,2063,1414,43,54
room,975_1.png,1814,1367,1881,1410,43,67
room,975_1.png,1907,1371,1967,1410,39,60
room,975_1.png,1627,1365,1677,1410,45,50
room,975_1.png,1721,1372,1784,1417,45,63
room,975_1.png,1384,1372,1448,1417,45,64
room,975_1.png,1530,1371,1582,1414,43,52
room,975_1.png,1145,1357,1197,1416,59,52
room,976_1.png,1142,993,1200,1050,57,58
room,976_1.png,1235,1003,1299,1052,49,64
room,976_1.png,1339,1006,1401,1055,49,62
room,976_1.png,1428,1002,1501,1066,64,73
room,976_1.png,1545,1006,1607,1050,44,62
room,976_1.png,1691,997,1753,1052,55,62
room,976_1.png,1826,1002,1890,1041,39,64
room,976_1.png,1973,1002,2033,1044,42,60
room,976_1.png,2115,993,2184,1046,53,69
room,976_1.png,2264,993,2332,1041,48,68
room,976_1.png,1142,1366,1199,1419,53,57
room,976_1.png,1380,1362,1452,1411,49,72
room,976_1.png,1523,1372,1593,1415,43,70
room,976_1.png,1619,1366,1683,1413,47,64
room,976_1.png,1717,1370,1783,1415,45,66
room,976_1.png,1815,1370,1868,1426,56,53
room,976_1.png,1913,1366,1964,1413,47,51
room,976_1.png,2002,1364,2066,1421,57,64
room,976_1.png,2292,1374,2358,1409,35,66
room,977_1.png,1375,1371,1455,1413,42,80
room,977_1.png,1533,1362,1588,1412,50,55
room,977_1.png,1623,1369,1684,1409,40,61
room,977_1.png,1722,1364,1784,1407,43,62
room,977_1.png,1819,1371,1888,1414,43,69
room,977_1.png,1915,1366,1972,1408,42,57
room,977_1.png,2009,1359,2074,1406,47,65
room,977_1.png,2258,993,2326,1040,47,68
room,977_1.png,2119,996,2181,1044,48,62
room,977_1.png,1972,1002,2041,1040,38,69
room,977_1.png,1829,1003,1901,1044,41,72
room,977_1.png,1716,996,1775,1047,51,59
room,977_1.png,1577,990,1629,1042,52,52
room,977_1.png,1241,1003,1308,1044,41,67
room,977_1.png,1390,998,1458,1038,40,68
room,977_1.png,1137,993,1200,1041,48,63
room,977_1.png,1144,1366,1205,1408,42,61
room,977_1.png,2305,1375,2362,1400,25,57
room,978_1.png,1606,1095,1718,1128,33,112
room,978_1.png,2179,1000,2246,1026,26,67
room,978_1.png,2220,1129,2272,1152,23,52
room,978_1.png,2287,1366,2349,1394,28,62
room,979_1.png,1742,827,1885,897,70,143
room,979_1.png,639,700,721,740,40,82
room,980_1.png,1591,626,1670,674,48,79
room,980_1.png,1555,1662,1665,1717,55,110
room,980_1.png,1818,1662,1922,1717,55,104
room,981_1.png,1896,1736,1986,1775,39,90
room,982_1.png,1427,571,1459,588,17,32
room,982_1.png,1717,771,1793,793,22,76
room,982_1.png,1403,703,1463,722,19,60
room,982_1.png,1209,1717,1314,1740,23,105
room,982_1.png,1540,1640,1641,1666,26,101
room,983_1.png,1344,691,1439,714,23,95
room,983_1.png,2000,741,2053,783,42,53
room,983_1.png,1766,721,1813,754,33,47
room,983_1.png,1040,733,1133,759,26,93
room,983_1.png,2086,1030,2122,1053,23,36
room,983_1.png,1217,958,1277,992,34,60
room,983_1.png,1073,1510,1154,1530,20,81
room,983_1.png,1863,1517,1962,1541,24,99
room,983_1.png,1532,735,1595,778,43,63
room,983-1_1.png,2041,1340,2105,1387,47,64
room,983-1_1.png,2142,1321,2183,1351,30,41
room,983-1_1.png,1746,1376,1807,1393,17,61
room,983-1_1.png,1921,1350,1979,1367,17,58
room,983-1_1.png,2235,1335,2321,1390,55,86
room,983-1_1.png,1889,1524,1958,1543,19,69
room,983-1_1.png,1719,1601,1780,1622,21,61
room,983-1_1.png,1723,1524,1764,1540,16,41
room,983-1_1.png,1822,1652,1888,1669,17,66
room,983-1_1.png,1880,1715,1925,1736,21,45
room,983-1_1.png,1808,1727,1853,1743,16,45
room,983-1_1.png,1983,1543,2044,1560,17,61
room,983-1_1.png,2077,1537,2119,1555,18,42
room,983-1_1.png,2143,1542,2184,1574,32,41
room,983-1_1.png,2288,1451,2323,1467,16,35
room,983-1_1.png,2298,1528,2330,1556,28,32
room,983-1_1.png,2276,1582,2332,1608,26,56
room,983-1_1.png,1780,1301,1817,1319,18,37
room,984_1.png,1586,1011,1671,1034,23,85
room,984_1.png,960,739,1006,774,35,46
room,984-1_1.png,1132,1668,1173,1698,30,41
room,984-1_1.png,1204,1670,1246,1700,30,42
room,984-1_1.png,1252,1685,1278,1703,18,26
room,984-1_1.png,1289,1659,1338,1723,64,49
room,984-1_1.png,917,1696,967,1712,16,50
room,984-1_1.png,848,1697,874,1713,16,26
room,984-1_1.png,1054,1694,1083,1712,18,29
room,985_1.png,2160,1522,2264,1547,25,104
room,986_1.png,1481,1612,1550,1635,23,69
room,986_1.png,1498,1331,1541,1349,18,43
room,987_1.png,1639,1600,1802,1649,49,163
room,987_1.png,1273,684,1350,723,39,77
room,987_1.png,1467,719,1558,752,33,91
room,988_1.png,506,1430,578,1452,22,72
room,988_1.png,541,1691,611,1712,21,70
room,988_1.png,1671,119,1713,154,35,42
room,988_1.png,1666,210,1720,246,36,54
room,988_1.png,1539,269,1597,321,52,58
room,988_1.png,1300,153,1344,202,49,44
room,988_1.png,1274,385,1363,434,49,89
room,988_1.png,1849,189,1933,245,56,84
room,988_1.png,2079,154,2122,198,44,43
room,988_1.png,2024,273,2078,323,50,54
room,988_1.png,1814,335,1870,374,39,56
room,988_1.png,1656,335,1715,374,39,59
room,988_1.png,1552,454,1599,499,45,47
room,988_1.png,1836,453,1884,497,44,48
room,988_1.png,2229,594,2296,618,24,67
room,988_1.png,2429,605,2532,641,36,103
room,988_1.png,665,1093,763,1118,25,98
room,988_1.png,660,1362,728,1382,20,68
room,988_1.png,660,1669,731,1690,21,71
room,988_1.png,667,865,734,889,24,67
room,988_1.png,2767,1175,2854,1198,23,87
room,988_1.png,2805,1620,2887,1646,26,82
room,989_1.png,1537,269,1596,321,52,59
room,989_1.png,1296,153,1342,202,49,46
room,989_1.png,1274,385,1363,432,47,89
room,989_1.png,1655,335,1713,370,35,58
room,989_1.png,1810,333,1867,372,39,57
room,989_1.png,1846,190,1929,242,52,83
room,989_1.png,1664,117,1713,151,34,49
room,989_1.png,1664,210,1715,247,37,51
room,989_1.png,2019,272,2076,321,49,57
room,989_1.png,1835,452,1882,495,43,47
room,989_1.png,1553,453,1597,496,43,44
room,989_1.png,2228,591,2293,618,27,65
room,989_1.png,2427,602,2527,622,20,100
room,989_1.png,658,1668,732,1691,23,74
room,989_1.png,657,1361,731,1382,21,74
room,989_1.png,662,1094,766,1117,23,104
room,989_1.png,545,1691,614,1715,24,69
room,989_1.png,507,1430,580,1453,23,73
room,989_1.png,668,866,733,890,24,65
room,989_1.png,2764,1171,2851,1201,30,87
room,989_1.png,2799,1618,2885,1644,26,86
room,990_1.png,1334,243,1376,266,23,42
room,990_1.png,2102,235,2155,258,23,53
room,990_1.png,1335,1292,1379,1313,21,44
room,991_1.png,453,1522,565,1562,40,112
room,991_1.png,952,1391,1015,1431,40,63
room,991_1.png,1360,1356,1466,1395,39,106
room,991_1.png,1372,1538,1470,1576,38,98
room,991_1.png,1221,1770,1317,1808,38,96
room,991_1.png,986,1749,1089,1789,40,103
room,991_1.png,2085,1521,2182,1555,34,97
room,991_1.png,2576,1392,2639,1427,35,63
room,991_1.png,2994,1360,3092,1391,31,98
room,991_1.png,2998,1535,3094,1576,41,96
room,991_1.png,2848,1775,2939,1805,30,91
room,991_1.png,2616,1754,2711,1789,35,95
room,992_1.png,760,1767,862,1809,42,102
room,992_1.png,1069,1708,1140,1745,37,71
room,992_1.png,1223,1747,1319,1786,39,96
room,992_1.png,1372,1635,1468,1672,37,96
room,992_1.png,1360,1462,1461,1499,37,101
room,992_1.png,1030,1384,1092,1420,36,62
room,992_1.png,2389,1770,2488,1806,36,99
room,992_1.png,2656,1382,2718,1415,33,62
room,992_1.png,2987,1463,3083,1501,38,96
room,992_1.png,2997,1638,3090,1673,35,93
room,992_1.png,2850,1750,2945,1781,31,95
room,992_1.png,2694,1708,2761,1744,36,67
room,994_1.png,1143,702,1226,737,35,83
room,994_1.png,1355,745,1439,795,50,84
room,994_1.png,1302,638,1325,658,20,23
room,994_1.png,1353,945,1439,981,36,86
room,994_1.png,742,1019,849,1052,33,107
room,994_1.png,2365,1232,2407,1255,23,42
room,994_1.png,2253,1154,2295,1171,17,42
room,994_1.png,2500,1212,2543,1232,20,43
room,994_1.png,2073,1196,2141,1232,36,68
room,995_1.png,764,861,836,883,22,72
room,995_1.png,869,892,948,926,34,79
room,995_1.png,856,614,939,650,36,83
room,995_1.png,1747,1194,1837,1234,40,90
room,995_1.png,2043,1198,2135,1235,37,92
room,995_1.png,2365,1236,2408,1254,18,43
room,995_1.png,2501,1212,2546,1237,25,45
room,995_1.png,2254,1153,2296,1173,20,42
room,996_1.png,2036,941,2128,975,34,92
room,996_1.png,2068,1199,2185,1234,35,117
room,996_1.png,761,858,835,884,26,74
room,996_1.png,909,884,1001,920,36,92
room,996_1.png,2499,1213,2543,1237,24,44
room,996_1.png,2254,1153,2298,1173,20,44
room,996_1.png,2364,1235,2407,1255,20,43
room,997_1.png,764,860,835,882,22,71
room,997_1.png,871,928,948,963,35,77
room,997_1.png,957,845,1044,880,35,87
room,997_1.png,908,1204,1010,1240,36,102
room,997_1.png,2059,884,2148,917,33,89
room,997_1.png,2041,1204,2158,1239,35,117
room,997_1.png,1746,890,1840,925,35,94
room,997_1.png,1745,1066,1829,1100,34,84
room,997_1.png,2254,1153,2296,1172,19,42
room,997_1.png,2364,1234,2411,1256,22,47
room,997_1.png,2501,1216,2545,1237,21,44
room,998_1.png,760,856,838,885,29,78
room,998_1.png,927,1241,1016,1280,39,89
room,998_1.png,869,912,950,950,38,81
room,998_1.png,955,774,1042,807,33,87
room,998_1.png,1986,1234,2071,1267,33,85
room,998_1.png,2128,1240,2213,1273,33,85
room,998_1.png,2057,832,2148,873,41,91
room,998_1.png,2255,1153,2296,1173,20,41
room,998_1.png,2364,1236,2407,1257,21,43
room,998_1.png,2499,1215,2544,1235,20,45
room,999_1.png,2122,793,2208,827,34,86
room,999_1.png,1978,798,2061,832,34,83
room,999_1.png,1043,1234,1132,1270,36,89
room,999_1.png,919,1241,1003,1276,35,84
room,999_1.png,765,857,833,884,27,68
room,999_1.png,933,741,1016,776,35,83
room,999_1.png,886,933,965,969,36,79
room,999_1.png,2049,1095,2166,1133,38,117
room,999_1.png,1850,1232,1972,1271,39,122
room,999_1.png,2255,1153,2295,1174,21,40
room,999_1.png,2365,1236,2406,1255,19,41
room,999_1.png,2501,1212,2544,1237,25,43
room,1000_1.png,751,858,848,891,33,97
room,1000_1.png,885,824,929,849,25,44
room,1000_1.png,961,770,1042,810,40,81
room,1000_1.png,1474,873,1543,903,30,69
room,1000_1.png,896,1154,946,1187,33,50
room,1000_1.png,2095,1077,2181,1104,27,86
room,1000_1.png,1873,1155,1942,1179,24,69
room,1000_1.png,2083,1248,2156,1276,28,73
room,1000_1.png,2243,1153,2303,1173,20,60
room,1000_1.png,2358,1236,2418,1258,22,60
room,1000_1.png,2496,1213,2550,1238,25,54
room,1000_1.png,1461,1078,1566,1116,38,105
room,1001_1.png,2493,1211,2544,1232,21,51
room,1001_1.png,2359,1228,2410,1256,28,51
room,1001_1.png,1688,1085,1752,1120,35,64
room,1001_1.png,1359,1095,1425,1122,27,66
room,1001_1.png,1183,1238,1257,1265,27,74
room,1001_1.png,955,1076,1022,1105,29,67
room,1001_1.png,774,854,861,889,35,87
room,1001_1.png,901,763,970,790,27,69
room,1001_1.png,990,916,1023,943,27,33
room,1001_1.png,1098,831,1150,856,25,52
room,1001_1.png,1502,935,1556,956,21,54
room,1001_1.png,1974,856,2077,877,21,103
room,1002_1.png,927,993,1060,1027,34,133
room,1002_1.png,1452,994,1547,1021,27,95
room,1002_1.png,2096,765,2168,792,27,72
room,1002_1.png,1997,738,2053,766,28,56
room,1002_1.png,1850,753,1917,783,30,67
room,1002_1.png,1691,747,1744,769,22,53
room,1002_1.png,1713,1056,1852,1080,24,139
room,1002_1.png,1987,1253,2048,1282,29,61
room,1002_1.png,2130,1257,2195,1279,22,65
room,1002_1.png,2403,1229,2448,1255,26,45
room,1002_1.png,2500,1215,2547,1233,18,47
room,1002_1.png,2319,1234,2365,1271,37,46
room,1002_1.png,2250,1145,2295,1169,24,45
room,1003_1.png,934,1135,988,1169,34,54
room,1003_1.png,1242,1134,1297,1164,30,55
room,1003_1.png,1712,1139,1775,1166,27,63
room,1003_1.png,1371,1138,1464,1178,40,93
room,1003_1.png,1988,1118,2080,1159,41,92
room,1003_1.png,1869,804,1962,849,45,93
room,1003_1.png,1213,824,1308,857,33,95
room,1003_1.png,759,641,834,697,56,75
room,1003_1.png,893,651,996,691,40,103
room,1003_1.png,841,806,932,845,39,91
room,1003_1.png,2307,1030,2396,1072,42,89
room,1003_1.png,2275,1207,2360,1244,37,85
room,1003_1.png,2397,1210,2429,1229,19,32
room,1003_1.png,2442,1228,2478,1256,28,36
room,1004_1.png,2157,1329,2417,1445,116,260
room,1004_1.png,1720,1566,1902,1647,81,182
room,1004_1.png,2402,759,2527,842,83,125
room,1004_1.png,2119,818,2305,894,76,186
room,1004_1.png,1924,497,2082,576,79,158
room,1004_1.png,1691,694,1887,761,67,196
room,1004_1.png,1588,591,1713,664,73,125
room,1004_1.png,1590,883,1691,958,75,101
room,1004_1.png,1364,853,1476,940,87,112
room,1004_1.png,772,749,1025,868,119,253
room,1004_1.png,682,1302,939,1421,119,257
room,1004_1.png,1308,1284,1549,1416,132,241
room,1004_1.png,1709,1190,1921,1259,69,212
room,1004_1.png,1074,764,1209,836,72,135
room,1004_1.png,698,1051,803,1117,66,105
room,1005_1.png,672,1415,916,1515,100,244
room,1005_1.png,887,808,1202,919,111,315
room,1005_1.png,1733,550,1835,628,78,102
room,1005_1.png,2006,538,2325,621,83,319
room,1005_1.png,2379,538,2503,614,76,124
room,1005_1.png,2532,600,2734,676,76,202
room,1005_1.png,1301,1360,1549,1476,116,248
room,1005_1.png,2383,925,2493,992,67,110
room,1005_1.png,1602,922,1692,1003,81,90
room,1005_1.png,2106,692,2299,760,68,193
room,1005_1.png,2069,812,2213,869,57,144
room,1005_1.png,2147,894,2241,947,53,94
room,1005_1.png,2256,861,2350,920,59,94
room,1005_1.png,2153,966,2241,1025,59,88
room,1006_1.png,1890,1260,2048,1320,60,158
room,1006_1.png,1690,1254,1853,1323,69,163
room,1007_1.png,728,722,766,841,119,38
room,1007_1.png,1176,761,1369,817,56,193
room,1007_1.png,1644,768,1823,817,49,179
room,1007_1.png,913,1284,1120,1337,53,207
room,1007_1.png,1359,1281,1561,1335,54,202
room,1007_1.png,1788,1233,1879,1267,34,91
room,1007_1.png,2345,740,2603,796,56,258
room,1007_1.png,2203,1141,2333,1160,19,130
room,1007_1.png,2305,1158,2421,1180,22,116
room,1007_1.png,2457,982,2562,1023,41,105
room,1007_1.png,2020,1164,2083,1197,33,63
room,1007_1.png,1984,820,2044,856,36,60
room,1008_1.png,739,793,765,902,109,26
room,1008_1.png,1142,735,1346,758,23,204
room,1008_1.png,1487,684,1602,718,34,115
room,1008_1.png,1193,1247,1269,1277,30,76
room,1008_1.png,1314,1168,1403,1202,34,89
room,1008_1.png,1454,1231,1543,1271,40,89
room,1008_1.png,2066,818,2123,854,36,57
room,1008_1.png,2333,1217,2452,1285,68,119
room,1008_1.png,1930,1191,2119,1225,34,189
room,1008_1.png,885,784,992,817,33,107
room,1008_1.png,2555,760,2584,904,144,29
room,1008_1.png,2397,717,2426,817,100,29
room,1009_1.png,705,748,746,893,145,41
room,1009_1.png,955,909,1161,959,50,206
room,1009_1.png,1278,846,1423,894,48,145
room,1009_1.png,1417,873,1507,918,45,90
room,1009_1.png,1543,952,1975,986,34,432
room,1009_1.png,2526,741,2556,884,143,30
room,1009_1.png,2325,787,2350,901,114,25
room,1009_1.png,2452,1223,2603,1279,56,151
room,1009_1.png,1678,1199,1853,1252,53,175
room,1009_1.png,1008,1170,1210,1222,52,202
room,1009_1.png,781,1282,841,1312,30,60
room,1010_1.png,724,788,752,895,107,28
room,1010_1.png,970,916,1066,945,29,96
room,1010_1.png,1286,860,1382,895,35,96
room,1010_1.png,981,1155,1051,1216,61,70
room,1010_1.png,830,1198,919,1228,30,89
room,1010_1.png,1308,1223,1408,1251,28,100
room,1010_1.png,1846,1216,1943,1244,28,97
room,1010_1.png,1850,867,1942,892,25,92
room,1010_1.png,2342,783,2379,897,114,37
room,1010_1.png,2541,792,2570,927,135,29
room,1010_1.png,2403,1244,2476,1266,22,73
room,1010_1.png,2209,1206,2290,1233,27,81
room,1011_1.png,738,767,773,898,131,35
room,1011_1.png,978,804,1042,858,54,64
room,1011_1.png,988,918,1031,946,28,43
room,1011_1.png,1064,916,1108,944,28,44
room,1011_1.png,1057,810,1119,863,53,62
room,1011_1.png,1135,806,1192,858,52,57
room,1011_1.png,1205,806,1267,858,52,62
room,1011_1.png,1278,816,1341,863,47,63
room,1011_1.png,1143,915,1180,946,31,37
room,1011_1.png,1216,915,1257,947,32,41
room,1011_1.png,1295,914,1330,947,33,35
room,1011_1.png,1368,913,1407,947,34,39
room,1011_1.png,1440,917,1482,944,27,42
room,1011_1.png,1518,913,1555,943,30,37
room,1011_1.png,1352,808,1417,862,54,65
room,1011_1.png,1428,814,1488,863,49,60
room,1011_1.png,1507,810,1565,863,53,58
room,1011_1.png,1577,812,1641,863,51,64
room,1011_1.png,1660,812,1716,865,53,56
room,1011_1.png,1730,811,1784,863,52,54
room,1011_1.png,1591,915,1630,948,33,39
room,1011_1.png,1668,919,1706,947,28,38
room,1011_1.png,1743,915,1782,944,29,39
room,1011_1.png,1804,811,1871,862,51,67
room,1011_1.png,1818,915,1854,945,30,36
room,1011_1.png,1884,811,1942,863,52,58
room,1011_1.png,1893,915,1933,947,32,40
room,1011_1.png,1961,808,2017,861,53,56
room,1011_1.png,1963,915,2009,947,32,46
room,1011_1.png,2030,809,2088,863,54,58
room,1011_1.png,2044,910,2081,949,39,37
room,1011_1.png,2108,850,2183,881,31,75
room,1011_1.png,2357,767,2384,888,121,27
room,1011_1.png,2543,761,2575,876,115,32
room,1011_1.png,2463,1260,2511,1289,29,48
room,1011_1.png,2337,1192,2413,1213,21,76
room,1011_1.png,2215,1191,2300,1217,26,85
room,1011_1.png,2108,1193,2187,1217,24,79
room,1011_1.png,1992,1191,2076,1222,31,84
room,1011_1.png,1882,1194,1961,1221,27,79
room,1011_1.png,1711,1195,1859,1216,21,148
room,1011_1.png,1481,1195,1633,1220,25,152
room,1011_1.png,1263,1197,1412,1219,22,149
room,1011_1.png,1030,1198,1178,1220,22,148
room,1012_1.png,723,773,759,862,89,36
room,1012_1.png,937,805,1032,849,44,95
room,1012_1.png,1031,793,1118,848,55,87
room,1012_1.png,1110,810,1196,854,44,86
room,1012_1.png,1177,788,1266,835,47,89
room,1012_1.png,1251,810,1335,853,43,84
room,1012_1.png,1331,795,1418,838,43,87
room,1012_1.png,1408,807,1492,853,46,84
room,1012_1.png,1482,795,1565,840,45,83
room,1012_1.png,1554,811,1642,852,41,88
room,1012_1.png,1629,793,1713,836,43,84
room,1012_1.png,1712,807,1792,849,42,80
room,1012_1.png,1777,793,1864,837,44,87
room,1012_1.png,1856,812,1937,851,39,81
room,1012_1.png,1924,797,2017,838,41,93
room,1012_1.png,2008,807,2098,849,42,90
room,1012_1.png,2105,833,2186,860,27,81
room,1012_1.png,2345,758,2372,862,104,27
room,1012_1.png,2532,794,2560,902,108,28
room,1012_1.png,2309,1181,2402,1202,21,93
room,1012_1.png,2213,1194,2292,1215,21,79
room,1012_1.png,2112,1194,2196,1218,24,84
room,1012_1.png,1998,1192,2080,1213,21,82
room,1012_1.png,1881,1186,1961,1217,31,80
room,1012_1.png,1687,1182,1846,1210,28,159
room,1012_1.png,1469,1184,1622,1213,29,153
room,1012_1.png,1238,1186,1389,1210,24,151
room,1012_1.png,1012,1186,1160,1208,22,148
room,1014_1.png,989,477,1029,499,22,40
room,1014_1.png,993,581,1028,600,19,35
room,1014_1.png,919,749,989,774,25,70
room,1014_1.png,1233,498,1278,516,18,45
room,1014_1.png,1320,479,1362,500,21,42
room,1014_1.png,1467,727,1512,756,29,45
room,1014_1.png,1615,719,1667,747,28,52
room,1014_1.png,1732,719,1781,748,29,49
room,1014_1.png,1846,724,1890,747,23,44
room,1014_1.png,979,898,1023,922,24,44
room,1014_1.png,965,1089,1002,1116,27,37
room,1014_1.png,1266,978,1307,1005,27,41
room,1014_1.png,950,1304,996,1330,26,46
room,1014_1.png,1092,1307,1130,1333,26,38
room,1014_1.png,1220,1304,1260,1332,28,40
room,1014_1.png,1332,1474,1384,1501,27,52
room,1014_1.png,1328,1560,1382,1583,23,54
room,1014_1.png,1309,1647,1432,1675,28,123
room,1014_1.png,1559,1572,1611,1594,22,52
room,1014_1.png,1539,1363,1585,1389,26,46
room,1014_1.png,1612,1318,1675,1343,25,63
room,1014_1.png,1712,1365,1757,1387,22,45
room,1014_1.png,1735,1627,1808,1657,30,73
room,1014_1.png,2065,1342,2110,1367,25,45
room,1014_1.png,2188,1338,2238,1369,31,50
room,1014_1.png,2326,1347,2366,1369,22,40
room,1014_1.png,2300,1121,2342,1148,27,42
room,1014_1.png,2296,1013,2339,1038,25,43
room,1014_1.png,2300,895,2345,920,25,45
room,1014_1.png,2304,788,2345,816,28,41
room,1014_1.png,1994,1099,2040,1125,26,46
room,1014_1.png,1995,991,2045,1018,27,50
room,1014_1.png,2304,678,2343,709,31,39
room,1014_1.png,2304,566,2343,593,27,39
room,1014_1.png,2329,455,2366,499,44,37
room,1014_1.png,2248,479,2300,508,29,52
room,1015_1.png,866,419,909,444,25,43
room,1015_1.png,989,423,1032,448,25,43
room,1015_1.png,913,477,946,507,30,33
room,1015_1.png,631,409,669,430,21,38
room,1015_1.png,634,502,680,526,24,46
room,1015_1.png,573,671,640,692,21,67
room,1015_1.png,675,660,726,680,20,51
room,1015_1.png,633,835,674,862,27,41
room,1015_1.png,616,1013,655,1042,29,39
room,1015_1.png,950,916,995,941,25,45
room,1015_1.png,602,1240,642,1259,19,40
room,1015_1.png,737,1242,780,1264,22,43
room,1015_1.png,874,1241,911,1267,26,37
room,1015_1.png,1119,1464,1176,1485,21,57
room,1015_1.png,1235,1448,1292,1465,17,57
room,1015_1.png,1403,1470,1453,1492,22,50
room,1015_1.png,1697,1247,1750,1281,34,53
room,1015_1.png,1832,1250,1869,1282,32,37
room,1015_1.png,1963,1256,2008,1278,22,45
room,1015_1.png,1967,1035,2002,1055,20,35
room,1015_1.png,1986,839,2023,858,19,37
room,1015_1.png,1650,911,1690,934,23,40
room,1015_1.png,1979,693,2047,716,23,68
room,1015_1.png,1952,522,1994,543,21,42
room,1015_1.png,1958,418,1995,441,23,37
room,1015_1.png,1456,636,1500,665,29,44
room,1015_1.png,1374,643,1418,670,27,44
room,1015_1.png,1214,639,1263,663,24,49
room,1015_1.png,1102,644,1137,665,21,35
room,1015_1.png,1717,419,1760,438,19,43
room,1015_1.png,1616,390,1642,406,16,26
room,1015_1.png,1373,420,1451,439,19,78
room,1015_1.png,1175,349,1246,372,23,71
room,1015_1.png,1213,1321,1255,1341,20,42
room,1015_1.png,1352,1320,1394,1339,19,42
room,1015_1.png,1342,1233,1375,1249,16,33
room,1019_1.png,2023,1295,2141,1330,35,118
room,1019_1.png,2017,1482,2084,1505,23,67
room,1019_1.png,1871,1442,1974,1478,36,103
room,1019_1.png,1686,1435,1772,1465,30,86
room,1019_1.png,1803,1027,1854,1060,33,51
room,1019_1.png,1501,1426,1600,1461,35,99
room,1019_1.png,1325,1430,1412,1463,33,87
room,1019_1.png,1143,1429,1237,1459,30,94
room,1019_1.png,967,1436,1052,1461,25,85
room,1019_1.png,787,1427,873,1461,34,86
room,1019_1.png,791,680,875,711,31,84
room,1019_1.png,970,681,1052,709,28,82
room,1019_1.png,1149,683,1234,715,32,85
room,1019_1.png,1337,672,1388,700,28,51
room,1019_1.png,1554,663,1621,689,26,67
room,1019_1.png,1312,851,1460,877,26,148
room,1019_1.png,1927,1087,1967,1110,23,40
room,1019_1.png,1506,873,1557,915,42,51
room,1019_1.png,956,1035,1036,1099,64,80
room,1020_1.png,786,681,871,710,29,85
room,1020_1.png,960,679,1058,713,34,98
room,1020_1.png,1149,678,1234,710,32,85
room,1020_1.png,1327,668,1402,706,38,75
room,1020_1.png,1549,640,1620,691,51,71
room,1020_1.png,1317,844,1460,881,37,143
room,1020_1.png,1768,678,1836,716,38,68
room,1020_1.png,1792,1021,1843,1053,32,51
room,1020_1.png,2030,1324,2144,1350,26,114
room,1020_1.png,1913,1096,1970,1123,27,57
room,1020_1.png,2066,1474,2113,1505,31,47
room,1020_1.png,1854,1467,1963,1524,57,109
room,1020_1.png,1684,1436,1765,1459,23,81
room,1020_1.png,1502,1430,1596,1465,35,94
room,1020_1.png,1326,1432,1418,1467,35,92
room,1020_1.png,1148,1432,1237,1465,33,89
room,1020_1.png,966,1427,1056,1465,38,90
room,1020_1.png,786,1435,871,1467,32,85
room,1020_1.png,1498,885,1542,911,26,44
room,1020_1.png,956,1031,1026,1099,68,70
room,1021_1.png,656,1096,732,1152,56,76
room,1021_1.png,778,1062,912,1129,67,134
room,1022_1.png,350,1222,478,1247,25,128
room,1022_1.png,340,1434,432,1482,48,92
room,1023_1.png,557,1633,743,1665,32,186
room,1023_1.png,2401,1631,2597,1663,32,196
room,1024_1.png,2408,1631,2599,1658,27,191
room,1024_1.png,552,1628,750,1663,35,198
room,1025_1.png,1621,920,1697,959,39,76
room,1025_1.png,1616,1261,1685,1309,48,69
room,1025_1.png,1531,1452,1602,1484,32,71
room,1025_1.png,1494,1719,1581,1758,39,87
room,1027_1.png,1616,1163,1704,1225,62,88
room,1027_1.png,944,880,1070,921,41,126
room,1027_1.png,812,664,911,693,29,99
room,1027_1.png,1733,742,1821,765,23,88
room,1027_1.png,1459,705,1552,735,30,93
room,1027_1.png,1945,710,1975,797,87,30
room,1028_1.png,1600,1308,1678,1350,42,78
room,1028_1.png,1494,765,1579,802,37,85
room,1028_1.png,1775,806,1869,843,37,94
room,1028_1.png,1957,742,1984,839,97,27
room,1029_1.png,1503,710,1592,745,35,89
room,1029_1.png,1755,740,1850,774,34,95
room,1029_1.png,1959,707,2004,802,95,45
room,1029_1.png,1712,1255,1785,1309,54,73
room,1030_1.png,1727,730,1823,779,49,96
room,1030_1.png,1443,707,1533,742,35,90
room,1030_1.png,1648,1221,1761,1278,57,113
room,1030_1.png,1941,693,1972,798,105,31
room,1031_1.png,1961,1177,2072,1225,48,111
room,1031_1.png,1747,735,1862,772,37,115
room,1031_1.png,1503,712,1595,756,44,92
room,1034_1.png,1885,690,1984,734,44,99
room,1034_1.png,1611,695,1701,727,32,90
room,1034_1.png,1443,734,1515,762,28,72
room,1034_1.png,1441,815,1519,845,30,78
room,1034_1.png,1103,713,1153,751,38,50
room,1034_1.png,698,639,778,670,31,80
room,1034_1.png,697,906,778,940,34,81
room,1034_1.png,705,1140,756,1170,30,51
room,1034_1.png,698,1411,761,1446,35,63
room,1034_1.png,998,1461,1061,1488,27,63
room,1034_1.png,1006,1193,1065,1223,30,59
room,1034_1.png,1179,1312,1247,1342,30,68
room,1034_1.png,1610,1326,1708,1363,37,98
room,1034_1.png,1791,1304,1925,1368,64,134
room,1034_1.png,1985,1385,2055,1423,38,70
room,1034_1.png,2187,1467,2250,1499,32,63
room,1034_1.png,2345,1461,2414,1500,39,69
room,1034_1.png,2026,1093,2076,1123,30,50
room,1034_1.png,1784,1109,1851,1136,27,67
room,1034_1.png,1310,730,1374,749,19,64
room,1034_1.png,907,1451,956,1487,36,49
room,1036_1.png,672,1441,739,1466,25,67
room,1036_1.png,686,1167,730,1200,33,44
room,1036_1.png,670,928,752,966,38,82
room,1036_1.png,678,667,750,704,37,72
room,1036_1.png,1067,739,1133,785,46,66
room,1036_1.png,1283,749,1351,785,36,68
room,1036_1.png,1426,839,1486,876,37,60
room,1036_1.png,1420,755,1491,791,36,71
room,1036_1.png,1589,722,1685,751,29,96
room,1036_1.png,1863,722,1966,751,29,103
room,1036_1.png,2003,1151,2051,1178,27,48
room,1036_1.png,1758,1128,1823,1163,35,65
room,1036_1.png,1966,1406,2032,1447,41,66
room,1036_1.png,1497,1363,1583,1403,40,86
room,1036_1.png,1202,1297,1277,1331,34,75
room,1036_1.png,2159,1494,2229,1529,35,70
room,1036_1.png,2328,1493,2390,1529,36,62
room,1036_1.png,1770,1325,1901,1394,69,131
room,1036_1.png,975,1222,1043,1250,28,68
room,1036_1.png,1064,1501,1127,1537,36,63
room,1038_1.png,548,1674,588,1716,42,40
room,1038_1.png,649,1666,682,1723,57,33
room,1038_1.png,723,1670,759,1717,47,36
room,1038_1.png,1033,1702,1090,1730,28,57
room,1038_1.png,1270,1589,1317,1619,30,47
room,1038_1.png,1391,1578,1439,1606,28,48
room,1038_1.png,1236,1687,1279,1725,38,43
room,1038_1.png,1412,1672,1457,1696,24,45
room,1038_1.png,1600,1671,1645,1717,46,45
room,1038_1.png,1815,1636,1858,1678,42,43
room,1038_1.png,2011,1667,2077,1704,37,66
room,1038_1.png,2137,1674,2191,1703,29,54
room,1038_1.png,2269,1667,2316,1705,38,47
room,1038_1.png,2386,1667,2438,1706,39,52
room,1038_1.png,2505,1672,2566,1705,33,61
room,1038_1.png,2677,1669,2722,1703,34,45
room,1038_1.png,2762,1669,2818,1706,37,56
room,1038_1.png,2885,1668,2937,1701,33,52
room,1038_1.png,2918,1283,2962,1314,31,44
room,1038_1.png,2758,1280,2809,1310,30,51
room,1038_1.png,2669,1293,2717,1331,38,48
room,1038_1.png,2523,1301,2571,1331,30,48
room,1038_1.png,2281,1301,2335,1337,36,54
room,1038_1.png,2151,1299,2207,1335,36,56
room,1038_1.png,2014,1229,2077,1295,66,63
room,1038_1.png,1688,1073,1746,1114,41,58
room,1038_1.png,1428,1058,1472,1101,43,44
room,1038_1.png,1167,1049,1219,1093,44,52
room,1038_1.png,1172,1137,1214,1171,34,42
room,1038_1.png,1182,1301,1260,1346,45,78
room,1038_1.png,1061,1205,1103,1248,43,42
room,1038_1.png,990,1328,1029,1356,28,39
room,1038_1.png,534,1079,579,1124,45,45
room,1038_1.png,631,1150,673,1187,37,42
room,1039_1.png,732,1638,781,1671,33,49
room,1039_1.png,871,1627,917,1672,45,46
room,1039_1.png,981,1620,1030,1670,50,49
room,1039_1.png,1102,1628,1159,1672,44,57
room,1039_1.png,1227,1625,1285,1671,46,58
room,1039_1.png,1349,1630,1408,1670,40,59
room,1039_1.png,1479,1630,1534,1672,42,55
room,1039_1.png,1600,1627,1656,1672,45,56
room,1039_1.png,1728,1631,1783,1672,41,55
room,1039_1.png,1845,1624,1907,1677,53,62
room,1039_1.png,1964,1626,2034,1672,46,70
room,1039_1.png,2082,1624,2156,1673,49,74
room,1039_1.png,2219,1625,2275,1674,49,56
room,1039_1.png,2335,1625,2403,1673,48,68
room,1039_1.png,2469,1628,2529,1670,42,60
room,1039_1.png,2590,1628,2649,1673,45,59
room,1039_1.png,2714,1626,2779,1671,45,65
room,1039_1.png,2838,1632,2900,1673,41,62
room,1039_1.png,2856,1253,2894,1302,49,38
room,1039_1.png,2722,1249,2769,1296,47,47
room,1039_1.png,2612,1247,2662,1300,53,50
room,1039_1.png,2475,1247,2523,1292,45,48
room,1039_1.png,2218,1257,2273,1295,38,55
room,1039_1.png,1998,1246,2042,1281,35,44
room,1039_1.png,1498,1195,1530,1229,34,32
room,1039_1.png,1561,1197,1588,1229,32,27
room,1039_1.png,1571,1255,1627,1292,37,56
room,1039_1.png,1480,1257,1522,1292,35,42
room,1039_1.png,1109,1250,1165,1300,50,56
room,1039_1.png,983,1254,1032,1292,38,49
room,1039_1.png,868,1253,920,1295,42,52
room,1039_1.png,732,1248,785,1299,51,53
room,1040_1.png,690,1260,742,1304,44,52
room,1040_1.png,820,1256,873,1305,49,53
room,1040_1.png,928,1252,990,1303,51,62
room,1040_1.png,1077,1258,1117,1306,48,40
room,1040_1.png,1451,1201,1496,1234,33,45
room,1040_1.png,1515,1201,1547,1238,37,32
room,1040_1.png,1441,1259,1477,1297,38,36
room,1040_1.png,1951,1232,1982,1274,42,31
room,1040_1.png,2067,1254,2124,1305,51,57
room,1040_1.png,1942,1351,1976,1393,42,34
room,1040_1.png,2179,1253,2238,1309,56,59
room,1040_1.png,2431,1254,2491,1306,52,60
room,1040_1.png,2561,1261,2618,1305,44,57
room,1040_1.png,2670,1262,2743,1308,46,73
room,1040_1.png,2816,1258,2870,1306,48,54
room,1040_1.png,2802,1634,2859,1677,43,57
room,1040_1.png,2679,1631,2739,1681,50,60
room,1040_1.png,2551,1635,2610,1679,44,59
room,1040_1.png,2423,1632,2489,1683,51,66
room,1040_1.png,2299,1635,2357,1678,43,58
room,1040_1.png,2173,1634,2233,1678,44,60
room,1040_1.png,2052,1629,2109,1682,53,57
room,1040_1.png,1925,1633,1984,1678,45,59
room,1040_1.png,1803,1635,1871,1678,43,68
room,1040_1.png,1676,1636,1744,1675,39,68
room,1040_1.png,1551,1638,1624,1681,43,73
room,1040_1.png,1430,1631,1494,1675,44,64
room,1040_1.png,1308,1636,1374,1678,42,66
room,1040_1.png,1185,1632,1240,1677,45,55
room,1040_1.png,1062,1634,1120,1677,43,58
room,1040_1.png,941,1634,990,1676,42,49
room,1040_1.png,808,1630,873,1679,49,65
room,1040_1.png,687,1635,761,1671,36,74
room,1042_1.png,2654,1280,2721,1324,44,67
room,1042_1.png,2634,1353,2721,1383,30,87
room,1042_1.png,2706,1179,2779,1213,34,73
room,1042_1.png,2711,1047,2787,1071,24,76
room,1042_1.png,2653,951,2773,1010,59,120
room,1042_1.png,2672,884,2733,909,25,61
room,1042_1.png,2665,762,2737,796,34,72
room,1042_1.png,2661,841,2733,875,34,72
room,1042_1.png,2646,538,2719,592,54,73
room,1042_1.png,2361,530,2453,602,72,92
room,1042_1.png,2430,935,2563,980,45,133
room,1043_1.png,929,1706,1086,1751,45,157
room,1043_1.png,1181,1708,1346,1757,49,165
room,1043_1.png,1259,1294,1361,1365,71,102
room,1043_1.png,1225,943,1390,1028,85,165
room,1043_1.png,907,848,1061,894,46,154
room,1043_1.png,928,917,1016,942,25,88
room,1043_1.png,1032,578,1101,605,27,69
room,1043_1.png,1172,576,1251,607,31,79
room,1043_1.png,1293,579,1367,610,31,74
room,1043_1.png,690,954,755,980,26,65
room,1043_1.png,785,616,865,653,37,80
room,1043_1.png,729,536,797,577,41,68
room,1043_1.png,2690,1556,2763,1608,52,73
room,1043_1.png,1294,1069,1372,1099,30,78
room,1043_1.png,2700,1076,2778,1105,29,78
room,1043_1.png,2700,1215,2781,1242,27,81
room,1043_1.png,2691,538,2786,618,80,95
room,1043_1.png,2570,551,2649,610,59,79
room,1043_1.png,2437,554,2511,579,25,74
room,1043_1.png,2313,540,2384,600,60,71
room,1043_1.png,2136,543,2209,602,59,73
room,1043_1.png,2168,855,2244,888,33,76
room,1043_1.png,2435,946,2507,986,40,72
room,1043_1.png,2442,862,2516,886,24,74
room,1043_1.png,2418,621,2469,652,31,51
room,1043_1.png,2607,939,2681,980,41,74
room,1044_1.png,789,1543,864,1581,38,75
room,1044_1.png,729,1291,797,1318,27,68
room,1044_1.png,969,1262,1066,1316,54,97
room,1044_1.png,1292,1289,1372,1322,33,80
room,1044_1.png,1292,1521,1374,1565,44,82
room,1044_1.png,1172,1521,1261,1556,35,89
room,1044_1.png,1050,1544,1128,1583,39,78
room,1044_1.png,1302,1045,1381,1070,25,79
room,1044_1.png,1304,1186,1377,1211,25,73
room,1044_1.png,1277,931,1348,989,58,71
room,1044_1.png,1174,689,1242,737,48,68
room,1044_1.png,961,927,1070,985,58,109
room,1044_1.png,702,933,805,983,50,103
room,1044_1.png,2077,956,2147,974,18,70
room,1044_1.png,2206,892,2275,913,21,69
room,1044_1.png,2336,736,2406,765,29,70
room,1044_1.png,2459,742,2525,764,22,66
room,1044_1.png,2645,672,2723,695,23,78
room,1044_1.png,2644,774,2711,805,31,67
room,1044_1.png,2705,1302,2775,1334,32,70
room,1044_1.png,2719,1453,2799,1477,24,80
room,1044_1.png,2700,1525,2766,1555,30,66
room,1044_1.png,2560,1467,2641,1487,20,81
room,1044_1.png,2581,1740,2659,1769,29,78
room,1044_1.png,2446,1558,2522,1587,29,76
room,1044_1.png,2334,1279,2403,1301,22,69
room,1044_1.png,2205,1278,2282,1319,41,77
room,1044_1.png,2096,1561,2166,1589,28,70
room,1045_1.png,2705,1619,2781,1644,25,76
room,1045_1.png,2579,1676,2653,1698,22,74
room,1045_1.png,2450,1677,2520,1699,22,70
room,1045_1.png,2334,1658,2405,1681,23,71
room,1045_1.png,2115,1726,2249,1791,65,134
room,1045_1.png,2113,1454,2176,1483,29,63
room,1045_1.png,2110,1313,2178,1340,27,68
room,1045_1.png,2391,1329,2463,1377,48,72
room,1045_1.png,2605,1316,2762,1379,63,157
room,1045_1.png,2714,1243,2787,1268,25,73
room,1045_1.png,2716,1107,2781,1123,16,65
room,1045_1.png,2609,863,2675,907,44,66
room,1045_1.png,2683,928,2748,973,45,65
room,1045_1.png,2387,830,2466,854,24,79
room,1045_1.png,2089,899,2164,921,22,75
room,1045_1.png,2089,1026,2156,1046,20,67
room,1045_1.png,1227,1745,1315,1795,50,88
room,1045_1.png,977,1743,1056,1792,49,79
room,1045_1.png,726,1748,817,1794,46,91
room,1045_1.png,1277,1315,1340,1339,24,63
room,1045_1.png,1274,1448,1360,1478,30,86
room,1045_1.png,988,1355,1057,1386,31,69
room,1045_1.png,686,1437,753,1457,20,67
room,1045_1.png,683,1318,745,1367,49,62
room,1045_1.png,1305,1233,1371,1265,32,66
room,1045_1.png,1310,1097,1376,1121,24,66
room,1045_1.png,1285,1018,1356,1050,32,71
room,1045_1.png,1239,741,1315,789,48,76
room,1045_1.png,989,736,1054,786,50,65
room,1045_1.png,707,712,822,785,73,115
room,1045_1.png,668,1011,741,1041,30,73
room,1047_1.png,856,536,915,579,43,59
room,1047_1.png,1075,602,1123,631,29,48
room,1047_1.png,1290,597,1336,634,37,46
room,1047_1.png,1562,977,1598,1000,23,36
room,1047_1.png,1808,854,1848,884,30,40
room,1047_1.png,1874,852,1906,885,33,32
room,1047_1.png,1940,853,1978,882,29,38
room,1047_1.png,1957,905,1999,918,13,42
room,1047_1.png,2244,1057,2291,1114,57,47
room,1047_1.png,1515,1761,1532,1782,21,17
room,1047_1.png,1540,1757,1572,1793,36,32
room,1047_1.png,1642,1742,1704,1788,46,62
room,1047_1.png,1593,1675,1621,1689,14,28
room,1047_1.png,1616,1704,1643,1718,14,27
room,1047_1.png,1551,1686,1578,1709,23,27
room,1048_1.png,1311,1661,1376,1732,71,65
room,1048_1.png,1482,1644,1573,1717,73,91
room,1048_1.png,1348,1553,1386,1595,42,38
room,1048_1.png,1405,1539,1449,1560,21,44
room,1048_1.png,1439,1588,1486,1602,14,47
room,1048_1.png,2376,616,2469,702,86,93
room,1048_1.png,1364,488,1414,534,46,50
room,1048_1.png,1730,305,1788,356,51,58
room,1048_1.png,1827,309,1880,354,45,53
room,1048_1.png,1926,312,1984,356,44,58
room,1048_1.png,1948,383,2015,404,21,67
room,1049_1.png,743,1034,838,1107,73,95
room,1049_1.png,1073,1134,1145,1185,51,72
room,1049_1.png,1393,1126,1465,1181,55,72
room,1049_1.png,1804,1695,1854,1741,46,50
room,1049_1.png,2170,1510,2233,1561,51,63
room,1049_1.png,2263,1510,2322,1563,53,59
room,1049_1.png,2367,1512,2427,1560,48,60
room,1049_1.png,2394,1591,2455,1607,16,61
room,1051_1.png,1885,1532,1939,1567,35,54
room,1051_1.png,1962,1564,2018,1598,34,56
room,1051_1.png,2097,1535,2143,1559,24,46
room,1051_1.png,1133,844,1450,948,104,317
room,1052_1.png,2056,1380,2219,1479,99,163
room,1052_1.png,1958,1621,2004,1648,27,46
room,1053_1.png,1335,951,1676,1119,168,341
room,1054_1.png,1481,769,1557,829,60,76
room,1054_1.png,2144,763,2219,828,65,75
room,1054_1.png,2309,770,2348,809,39,39
room,1054_1.png,2413,770,2456,809,39,43
room,1054_1.png,2385,1045,2437,1098,53,52
room,1054_1.png,2388,1248,2451,1306,58,63
room,1054_1.png,2083,1357,2144,1397,40,61
room,1054_1.png,1920,1499,1986,1538,39,66
room,1054_1.png,1797,1553,1868,1591,38,71
room,1055_1.png,1357,1437,1399,1460,23,42
room,1055_1.png,1354,1496,1399,1519,23,45
room,1055_1.png,1357,1557,1395,1578,21,38
room,1055_1.png,1006,1666,1097,1693,27,91
room,1055_1.png,948,1482,1014,1508,26,66
room,1055_1.png,1086,1448,1138,1498,50,52
room,1055_1.png,1062,1241,1102,1266,25,40
room,1055_1.png,1059,1170,1100,1190,20,41
room,1055_1.png,1088,1048,1139,1073,25,51
room,1055_1.png,1048,995,1128,1020,25,80
room,1055_1.png,1016,764,1068,788,24,52
room,1055_1.png,1085,766,1137,785,19,52
room,1055_1.png,1134,592,1174,616,24,40
room,1055_1.png,1071,410,1140,435,25,69
room,1055_1.png,1562,451,1604,477,26,42
room,1055_1.png,948,463,1003,507,44,55
room,1055_1.png,1962,1545,1999,1574,29,37
room,1055_1.png,2251,1104,2337,1130,26,86
room,1055_1.png,2179,1251,2244,1274,23,65
room,1055_1.png,2269,1250,2357,1271,21,88
room,1055_1.png,2200,657,2308,684,27,108
room,1055_1.png,2249,491,2300,519,28,51
room,1056_1.png,1058,627,1129,651,24,71
room,1056_1.png,1645,625,1718,653,28,73
room,1056_1.png,2315,883,2384,911,28,69
room,1056_1.png,2207,1084,2262,1109,25,55
room,1056_1.png,2207,1152,2260,1176,24,53
room,1056_1.png,2181,1336,2248,1363,27,67
room,1056_1.png,1222,1124,1250,1147,23,28
room,1056_1.png,1063,1337,1107,1360,23,44
room,1056_1.png,947,1374,1024,1396,22,77
room,1056_1.png,907,863,983,884,21,76
room,1056_1.png,1062,890,1101,912,22,39
room,1057_1.png,1070,748,1109,772,24,39
room,1057_1.png,907,728,980,746,18,73
room,1057_1.png,1080,1187,1123,1213,26,43
room,1057_1.png,1036,1111,1086,1141,30,50
room,1057_1.png,908,1221,984,1240,19,76
room,1057_1.png,1221,986,1251,1008,22,30
room,1057_1.png,1029,559,1098,583,24,69
room,1057_1.png,1334,567,1375,586,19,41
room,1057_1.png,1474,511,1537,531,20,63
room,1057_1.png,1718,485,1757,505,20,39
room,1057_1.png,2193,567,2237,588,21,44
room,1057_1.png,2292,756,2355,775,19,63
room,1057_1.png,2202,944,2255,965,21,53
room,1057_1.png,2205,1012,2255,1033,21,50
room,1057_1.png,2260,1195,2312,1218,23,52
room,1058_1.png,2183,1587,2260,1632,45,77
room,1058_1.png,2254,1208,2318,1229,21,64
room,1058_1.png,2200,1038,2251,1060,22,51
room,1058_1.png,2206,949,2256,969,20,50
room,1058_1.png,2307,834,2374,854,20,67
room,1058_1.png,2120,483,2164,508,25,44
room,1058_1.png,1977,554,2046,576,22,69
room,1058_1.png,1578,543,1641,568,25,63
room,1058_1.png,1103,466,1195,491,25,92
room,1058_1.png,1230,953,1259,974,21,29
room,1058_1.png,1072,754,1112,774,20,40
room,1058_1.png,907,723,980,739,16,73
room,1058_1.png,1049,1122,1136,1140,18,87
room,1058_1.png,1085,1185,1126,1205,20,41
room,1058_1.png,906,1222,979,1240,18,73
room,1058_1.png,1225,1435,1283,1460,25,58
room,1059_1.png,2301,718,2365,741,23,64
room,1059_1.png,2206,940,2256,962,22,50
room,1059_1.png,2207,1010,2258,1030,20,51
room,1059_1.png,2267,1242,2333,1263,21,66
room,1059_1.png,1082,1179,1124,1200,21,42
room,1059_1.png,906,1225,980,1243,18,74
room,1059_1.png,1228,953,1259,972,19,31
room,1059_1.png,906,725,978,741,16,72
room,1059_1.png,1068,745,1107,764,19,39
room,1060_1.png,1058,1454,1102,1501,47,44
room,1060_1.png,1079,1182,1121,1207,25,42
room,1060_1.png,1044,1122,1138,1142,20,94
room,1060_1.png,908,1218,981,1237,19,73
room,1060_1.png,1063,743,1103,763,20,40
room,1060_1.png,909,728,981,747,19,72
room,1060_1.png,1222,984,1248,1002,18,26
room,1060_1.png,993,513,1080,553,40,87
room,1060_1.png,2233,552,2297,574,22,64
room,1060_1.png,2308,837,2371,858,21,63
room,1060_1.png,2197,957,2247,978,21,50
room,1060_1.png,2298,1212,2361,1232,20,63
room,1060_1.png,2201,1025,2249,1044,19,48
room,1060_1.png,2289,1367,2327,1409,42,38
room,1060_1.png,2210,1555,2276,1579,24,66
room,1061_1.png,1002,422,1057,444,22,55
room,1061_1.png,1308,506,1371,527,21,63
room,1061_1.png,1517,494,1556,513,19,39
room,1061_1.png,1820,440,1859,459,19,39
room,1061_1.png,1906,441,1944,462,21,38
room,1061_1.png,2180,434,2221,456,22,41
room,1061_1.png,2251,715,2339,734,19,88
room,1061_1.png,2287,795,2349,813,18,62
room,1061_1.png,2205,927,2257,948,21,52
room,1061_1.png,2316,1106,2380,1122,16,64
room,1061_1.png,2179,1256,2217,1275,19,38
room,1061_1.png,2261,1274,2323,1293,19,62
room,1061_1.png,2290,1597,2352,1621,24,62
room,1061_1.png,1930,1527,1991,1545,18,61
room,1061_1.png,945,731,1021,748,17,76
room,1061_1.png,1071,750,1109,770,20,38
room,1061_1.png,912,1220,986,1237,17,74
room,1061_1.png,1045,1119,1131,1137,18,86
room,1061_1.png,1074,1190,1114,1210,20,40
room,1061_1.png,1241,946,1270,966,20,29
room,1062_1.png,1634,588,1712,610,22,78
room,1062_1.png,1263,544,1304,567,23,41
room,1062_1.png,1893,418,1972,439,21,79
room,1062_1.png,2149,412,2227,435,23,78
room,1062_1.png,2213,738,2276,759,21,63
room,1062_1.png,2204,923,2253,942,19,49
room,1062_1.png,2203,1026,2253,1047,21,50
room,1062_1.png,2262,1211,2327,1230,19,65
room,1062_1.png,2266,1316,2331,1338,22,65
room,1062_1.png,2297,1542,2358,1560,18,61
room,1062_1.png,951,1425,1015,1445,20,64
room,1062_1.png,967,1341,1028,1361,20,61
room,1062_1.png,1087,1174,1129,1194,20,42
room,1062_1.png,1045,1119,1129,1139,20,84
room,1062_1.png,1073,751,1111,770,19,38
room,1062_1.png,913,731,1017,748,17,104
room,1062_1.png,1240,952,1269,972,20,29
room,1063_1.png,1029,572,1102,595,23,73
room,1063_1.png,2132,647,2235,671,24,103
room,1063_1.png,2274,753,2317,773,20,43
room,1063_1.png,998,1008,1072,1032,24,74
room,1063_1.png,1547,428,1648,451,23,101
room,1063_1.png,1227,944,1259,964,20,32
room,1063_1.png,2209,1316,2267,1341,25,58
room,1063_1.png,2213,1676,2298,1696,20,85
room,1063_1.png,1153,1460,1216,1485,25,63
room,1064_1.png,1040,1065,1111,1096,31,71
room,1064_1.png,1087,885,1128,912,27,41
room,1065_1.png,1016,620,1086,648,28,70
room,1065_1.png,1196,619,1268,644,25,72
room,1065_1.png,1374,617,1421,648,31,47
room,1065_1.png,1536,619,1571,648,29,35
room,1065_1.png,1148,1245,1239,1338,93,91
room,1065_1.png,1475,1304,1544,1366,62,69
room,1066_1.png,1156,1444,1235,1475,31,79
room,1066_1.png,1071,1086,1152,1142,56,81
room,1067_1.png,1741,633,1825,699,66,84
room,1067_1.png,1243,497,1349,527,30,106
room,1067_1.png,1235,627,1345,663,36,110
room,1067_1.png,1263,837,1331,879,42,68
room,1067_1.png,1263,1011,1315,1055,44,52
room,1067_1.png,1447,1465,1713,1555,90,266
room,1067_1.png,2141,627,2223,663,36,82
room,1067_1.png,2099,985,2167,1021,36,68
room,1068_1.png,1757,569,1859,638,69,102
room,1068_1.png,2155,567,2224,611,44,69
room,1069_1.png,1004,1215,1065,1237,22,61
room,1069_1.png,1059,1368,1115,1388,20,56
room,1069_1.png,1183,1426,1217,1454,28,34
room,1069_1.png,1225,1432,1252,1460,28,27
room,1069_1.png,1331,1433,1368,1462,29,37
room,1069_1.png,1370,1434,1404,1460,26,34
room,1069_1.png,1420,1433,1459,1462,29,39
room,1069_1.png,1367,1350,1440,1393,43,73
room,1069_1.png,1517,1363,1559,1384,21,42
room,1069_1.png,1635,1362,1672,1383,21,37
room,1069_1.png,1971,974,2003,988,14,32
room,1069_1.png,1966,996,2009,1011,15,43
room,1069_1.png,1884,1457,1908,1479,22,24
room,1069_1.png,1962,1457,2003,1480,23,41
room,1069_1.png,1948,1371,2001,1392,21,53
room,1069_1.png,2222,1108,2277,1152,44,55
room,1069_1.png,2224,1195,2270,1226,31,46
room,1069_1.png,2225,1264,2274,1292,28,49
room,1069_1.png,987,1342,1053,1354,12,66
room,1070_1.png,875,1146,932,1165,19,57
room,1070_1.png,877,848,934,865,17,57
room,1070_1.png,2121,472,2169,493,21,48
room,1070_1.png,2238,494,2283,515,21,45
room,1070_1.png,2411,450,2439,467,17,28
room,1070_1.png,2402,553,2444,571,18,42
room,1071_1.png,2390,867,2471,892,25,81
room,1071_1.png,2248,1352,2419,1384,32,171
room,1071_1.png,2230,525,2282,562,37,52
room,1071_1.png,2079,527,2164,559,32,85
room,1071_1.png,1972,529,2049,556,27,77
room,1071_1.png,1817,527,1903,557,30,86
room,1071_1.png,1601,529,1692,556,27,91
room,1071_1.png,1353,525,1451,554,29,98
room,1071_1.png,1133,638,1199,670,32,66
room,1071_1.png,1078,1092,1162,1128,36,84
room,1071_1.png,1428,970,1472,996,26,44
room,1071_1.png,1415,1113,1448,1138,25,33
room,1071_1.png,1836,1163,1950,1194,31,114
room,1071_1.png,1613,1465,1670,1489,24,57
room,1071_1.png,1374,789,1454,817,28,80
room,1071_1.png,1679,1593,1737,1616,23,58
room,1072_1.png,581,918,683,943,25,102
room,1072_1.png,515,1182,561,1203,21,46
room,1072_1.png,567,1178,650,1208,30,83
room,1072_1.png,1262,1200,1307,1221,21,45
room,1072_1.png,855,1327,955,1346,19,100
room,1072_1.png,802,1321,830,1340,19,28
room,1072_1.png,904,1377,982,1398,21,78
room,1072_1.png,1098,1351,1165,1377,26,67
room,1072_1.png,1196,1352,1281,1375,23,85
room,1072_1.png,1408,1296,1460,1319,23,52
room,1072_1.png,1360,1363,1446,1387,24,86
room,1072_1.png,1588,1324,1638,1348,24,50
room,1072_1.png,1585,1168,1633,1193,25,48
room,1072_1.png,1791,1126,1895,1152,26,104
room,1072_1.png,2235,1143,2339,1166,23,104
room,1072_1.png,2397,1166,2485,1196,30,88
room,1072_1.png,2705,1025,2819,1074,49,114
room,1072_1.png,2722,1327,2795,1358,31,73
room,1072_1.png,2589,1158,2670,1187,29,81
room,1072_1.png,2082,1052,2171,1078,26,89
room,1072_1.png,1190,914,1282,944,30,92
room,1072_1.png,2080,886,2172,914,28,92
room,1072_1.png,1570,316,1608,343,27,38
room,1072_1.png,1577,521,1608,544,23,31
room,1072_1.png,2081,1270,2174,1299,29,93
room,1073_1.png,1715,1327,1800,1353,26,85
room,1073_1.png,1892,1327,1939,1353,26,47
room,1073_1.png,2024,1326,2072,1353,27,48
room,1073_1.png,2108,1323,2212,1362,39,104
room,1073_1.png,2231,1319,2344,1366,47,113
room,1073_1.png,2406,1328,2471,1357,29,65
room,1073_1.png,1648,875,1700,902,27,52
room,1073_1.png,1628,1009,1717,1034,25,89
room,1073_1.png,2222,1132,2258,1153,21,36
room,1073_1.png,2302,1133,2333,1164,31,31
room,1073_1.png,2493,935,2542,956,21,49
room,1073_1.png,2295,933,2329,958,25,34
room,1073_1.png,2435,1161,2482,1184,23,47
room,1073_1.png,2383,1124,2420,1161,37,37
room,1073_1.png,2373,1181,2425,1227,46,52
room,1073_1.png,2337,1162,2367,1225,63,30
room,1073_1.png,2337,1121,2368,1150,29,31
room,1073_1.png,2489,1158,2537,1203,45,48
room,1073_1.png,2524,1379,2579,1420,41,55
room,1074_1.png,579,858,669,885,27,90
room,1074_1.png,572,927,681,945,18,109
room,1074_1.png,582,984,668,1010,26,86
room,1074_1.png,598,1060,681,1086,26,83
room,1074_1.png,729,1323,761,1345,22,32
room,1074_1.png,991,1273,1090,1316,43,99
room,1074_1.png,1205,1172,1252,1199,27,47
room,1074_1.png,772,1165,819,1190,25,47
room,1074_1.png,891,1018,977,1065,47,86
room,1074_1.png,1019,1012,1122,1064,52,103
room,1074_1.png,1065,870,1160,939,69,95
room,1074_1.png,869,850,918,889,39,49
room,1074_1.png,795,849,846,890,41,51
room,1074_1.png,725,847,772,886,39,47
room,1074_1.png,1354,876,1434,901,25,80
room,1074_1.png,1476,875,1556,902,27,80
room,1074_1.png,1354,1023,1434,1050,27,80
room,1074_1.png,1326,1194,1406,1224,30,80
room,1074_1.png,1434,1197,1512,1220,23,78
room,1074_1.png,1425,1335,1500,1357,22,75
room,1074_1.png,1332,1331,1385,1357,26,53
room,1074_1.png,2522,1378,2566,1400,22,44
room,1074_1.png,2530,1088,2640,1110,22,110
room,1075_1.png,2528,1336,2563,1367,31,35
room,1075_1.png,619,998,676,1025,27,57
room,1076_1.png,1055,799,1105,820,21,50
room,1076_1.png,1214,711,1313,731,20,99
room,1076_1.png,1574,837,1688,860,23,114
room,1076_1.png,918,1689,1103,1707,18,185
room,1076_1.png,1168,1688,1350,1709,21,182
room,1076_1.png,1533,1729,1587,1751,22,54
room,1077_1.png,609,672,662,697,25,53
room,1077_1.png,1251,863,1320,892,29,69
room,1077_1.png,1119,731,1155,772,41,36
room,1077_1.png,1436,865,1485,885,20,49
room,1077_1.png,1671,896,1707,918,22,36
room,1077_1.png,1493,1627,1635,1657,30,142
room,1077_1.png,1699,1181,1753,1209,28,54
room,1077_1.png,2036,1461,2111,1483,22,75
room,1077_1.png,2085,1192,2263,1213,21,178
room,1077_1.png,2070,983,2112,1016,33,42
room,1078_1.png,1973,834,2008,861,27,35
room,1078_1.png,1251,848,1322,871,23,71
room,1078_1.png,1118,779,1182,806,27,64
room,1078_1.png,1462,962,1547,987,25,85
room,1078_1.png,696,1665,763,1693,28,67
room,1078_1.png,622,703,661,727,24,39
room,1079_1.png,461,499,591,521,22,130
room,1079_1.png,488,632,544,655,23,56
room,1079_1.png,269,561,298,583,22,29
room,1079_1.png,679,760,718,778,18,39
room,1079_1.png,670,880,715,899,19,45
room,1079_1.png,409,828,441,849,21,32
room,1079_1.png,424,945,471,964,19,47
room,1079_1.png,311,803,349,825,22,38
room,1079_1.png,281,871,335,887,16,54
room,1079_1.png,320,957,370,978,21,50
room,1079_1.png,1313,736,1350,755,19,37
room,1079_1.png,1706,761,1733,780,19,27
room,1079_1.png,1695,879,1742,897,18,47
room,1079_1.png,1330,812,1370,828,16,40
room,1079_1.png,1298,928,1354,945,17,56
room,1079_1.png,1357,991,1409,1010,19,52
room,1079_1.png,1452,606,1525,627,21,73
room,1079_1.png,1452,1509,1546,1531,22,94
room,1079_1.png,1446,1689,1509,1709,20,63
room,1079_1.png,1300,1688,1366,1706,18,66
room,1079_1.png,1327,1752,1365,1769,17,38
room,1079_1.png,1297,1818,1346,1834,16,49
room,1079_1.png,1334,1907,1386,1926,19,52
room,1079_1.png,1687,1780,1728,1800,20,41
room,1079_1.png,2098,1868,2169,1884,16,71
room,1079_1.png,2494,1782,2529,1805,23,35
room,1080_1.png,1188,1348,1248,1371,23,60
room,1080_1.png,1193,1126,1246,1147,21,53
room,1080_1.png,681,1472,750,1496,24,69
room,1080_1.png,648,1226,694,1248,22,46
room,1080_1.png,466,1491,549,1514,23,83
room,1080_1.png,410,1305,494,1326,21,84
room,1080_1.png,468,1165,521,1187,22,53
room,1080_1.png,374,664,422,686,22,48
room,1080_1.png,770,556,943,580,24,173
room,1080_1.png,818,826,894,851,25,76
room,1080_1.png,2808,1241,2861,1266,25,53
room,1080_1.png,2351,703,2479,725,22,128
room,1080_1.png,2338,1055,2437,1077,22,99
room,1080_1.png,2069,1047,2166,1070,23,97
room,1080_1.png,2063,1170,2116,1194,24,53
room,1080_1.png,2043,1307,2126,1327,20,83
room,1080_1.png,2122,1495,2205,1516,21,83
room,1081_1.png,1191,1347,1248,1367,20,57
room,1081_1.png,1202,1086,1237,1105,19,35
room,1081_1.png,670,721,767,744,23,97
room,1081_1.png,421,1037,467,1061,24,46
room,1081_1.png,432,1168,484,1189,21,52
room,1081_1.png,505,1532,588,1554,22,83
room,1081_1.png,401,1407,486,1428,21,85
room,1081_1.png,2782,1242,2819,1264,22,37
room,1081_1.png,2001,1414,2100,1434,20,99
room,1082_1.png,666,1541,742,1594,53,76
room,1082_1.png,772,1535,802,1563,28,30
room,1082_1.png,820,1536,848,1561,25,28
room,1082_1.png,889,1569,969,1608,39,80
room,1082_1.png,769,1633,826,1722,89,57
room,1082_1.png,770,1779,827,1808,29,57
room,1082_1.png,943,1669,995,1696,27,52
room,1082_1.png,875,1779,929,1807,28,54
room,1082_1.png,986,1779,1030,1808,29,44
room,1082_1.png,1056,1781,1139,1810,29,83
room,1082_1.png,1058,1717,1113,1744,27,55
room,1082_1.png,1151,1612,1224,1684,72,73
room,1082_1.png,1411,1569,1472,1609,40,61
room,1082_1.png,1174,1782,1215,1808,26,41
room,1082_1.png,1518,1775,1576,1804,29,58
room,1082_1.png,1724,1774,1776,1825,51,52
room,1082_1.png,1781,1781,1832,1808,27,51
room,1082_1.png,2087,1540,2148,1593,53,61
room,1082_1.png,2089,1665,2148,1721,56,59
room,1082_1.png,2345,1573,2404,1689,116,59
room,1082_1.png,2458,1572,2520,1694,122,62
room,1082_1.png,2513,1804,2553,1831,27,40
room,1082_1.png,840,1002,930,1043,41,90
room,1082_1.png,1078,1002,1168,1040,38,90
room,1082_1.png,1312,1008,1410,1040,32,98
room,1082_1.png,1510,1005,1576,1048,43,66
room,1082_1.png,1788,1006,1884,1039,33,96
room,1082_1.png,2027,1007,2131,1040,33,104
room,1082_1.png,2358,969,2393,1074,105,35
room,1082_1.png,2478,975,2509,1076,101,31
room,1082_1.png,2509,1161,2546,1190,29,37
room,1082_1.png,838,387,932,417,30,94
room,1082_1.png,1075,385,1173,420,35,98
room,1082_1.png,1315,385,1407,420,35,92
room,1082_1.png,1507,386,1573,418,32,66
room,1082_1.png,1815,389,1875,414,25,60
room,1082_1.png,2056,383,2117,415,32,61
room,1082_1.png,2358,353,2388,453,100,30
room,1082_1.png,2480,353,2507,451,98,27
room,1082_1.png,2512,540,2548,563,23,36
room,1083_1.png,984,792,1011,812,20,27
room,1083_1.png,1051,794,1087,810,16,36
room,1083_1.png,873,1322,917,1335,13,44
room,1084_1.png,775,1670,809,1697,27,34
room,1084_1.png,946,1670,978,1699,29,32
room,1084_1.png,1100,1666,1133,1696,30,33
room,1084_1.png,1251,1666,1291,1694,28,40
room,1084_1.png,1406,1664,1442,1693,29,36
room,1084_1.png,1562,1662,1595,1692,30,33
room,1084_1.png,1712,1662,1750,1691,29,38
room,1084_1.png,1865,1661,1901,1689,28,36
room,1084_1.png,2023,1663,2056,1688,25,33
room,1084_1.png,2175,1659,2211,1686,27,36
room,1084_1.png,2331,1659,2364,1683,24,33
room,1084_1.png,1008,1010,1042,1040,30,34
room,1084_1.png,1008,1161,1041,1192,31,33
room,1084_1.png,906,1296,986,1322,26,80
room,1084_1.png,976,1367,1029,1403,36,53
room,1084_1.png,1045,1306,1111,1332,26,66
room,1084_1.png,1119,1357,1170,1396,39,51
room,1084_1.png,915,650,970,695,45,55
room,1084_1.png,1047,679,1118,704,25,71
room,1084_1.png,1157,671,1208,694,23,51
room,1084_1.png,1296,667,1350,694,27,54
room,1084_1.png,1480,672,1542,697,25,62
room,1084_1.png,1714,583,1774,612,29,60
room,1084_1.png,2147,1009,2208,1040,31,61
room,1084_1.png,2106,924,2266,1090,166,160
room,1084_1.png,2217,1121,2318,1166,45,101
room,1084_1.png,2319,1310,2373,1336,26,54
room,1084_1.png,793,607,882,646,39,89
room,1084_1.png,818,762,863,793,31,45
room,1085_1.png,780,1647,807,1692,45,27
room,1085_1.png,943,1650,978,1690,40,35
room,1085_1.png,1097,1650,1130,1692,42,33
room,1085_1.png,1248,1654,1284,1693,39,36
room,1085_1.png,1403,1655,1438,1694,39,35
room,1085_1.png,1559,1654,1594,1694,40,35
room,1085_1.png,1710,1653,1743,1695,42,33
room,1085_1.png,1861,1657,1897,1694,37,36
room,1085_1.png,2018,1656,2053,1697,41,35
room,1085_1.png,2171,1661,2205,1696,35,34
room,1085_1.png,2326,1660,2360,1698,38,34
room,1085_1.png,1007,996,1043,1037,41,36
room,1085_1.png,1008,1153,1044,1192,39,36
room,1085_1.png,915,1297,984,1321,24,69
room,1085_1.png,976,1361,1028,1401,40,52
room,1085_1.png,1043,1306,1111,1329,23,68
room,1085_1.png,1127,1308,1183,1335,27,56
room,1085_1.png,948,653,983,695,42,35
room,1085_1.png,1102,654,1138,693,39,36
room,1085_1.png,1257,657,1289,693,36,32
room,1085_1.png,1411,657,1444,695,38,33
room,1085_1.png,1567,658,1598,696,38,31
room,1085_1.png,1716,659,1745,697,38,29
room,1085_1.png,1870,660,1901,696,36,31
room,1085_1.png,2025,662,2054,698,36,29
room,1085_1.png,2161,661,2189,698,37,28
room,1085_1.png,2315,662,2348,697,35,33
room,1085_1.png,2236,1178,2276,1203,25,40
room,1086_1.png,782,1669,816,1711,42,34
room,1086_1.png,948,1672,985,1709,37,37
room,1086_1.png,1102,1670,1139,1710,40,37
room,1086_1.png,1258,1668,1291,1708,40,33
room,1086_1.png,1406,1670,1445,1709,39,39
room,1086_1.png,1561,1666,1600,1708,42,39
room,1086_1.png,1712,1666,1754,1713,47,42
room,1086_1.png,1867,1667,1906,1714,47,39
room,1086_1.png,2024,1667,2061,1710,43,37
room,1086_1.png,2176,1668,2213,1709,41,37
room,1086_1.png,2331,1668,2367,1710,42,36
room,1086_1.png,982,1381,1034,1423,42,52
room,1086_1.png,916,1317,990,1339,22,74
room,1086_1.png,1044,1320,1115,1349,29,71
room,1086_1.png,1133,1326,1188,1355,29,55
room,1086_1.png,1014,1174,1046,1208,34,32
room,1086_1.png,1012,1014,1044,1056,42,32
room,1086_1.png,948,673,981,710,37,33
room,1086_1.png,1103,673,1134,712,39,31
room,1086_1.png,1257,673,1287,708,35,30
room,1086_1.png,1410,673,1440,709,36,30
room,1086_1.png,1567,671,1596,710,39,29
room,1086_1.png,1714,670,1747,709,39,33
room,1086_1.png,1866,669,1901,710,41,35
room,1086_1.png,2025,670,2054,709,39,29
room,1086_1.png,2162,672,2187,710,38,25
room,1086_1.png,2314,669,2344,708,39,30
room,1086_1.png,2239,1189,2276,1217,28,37
room,1087_1.png,769,1674,806,1705,31,37
room,1087_1.png,943,1681,977,1707,26,34
room,1087_1.png,1101,1678,1131,1707,29,30
room,1087_1.png,1251,1680,1286,1704,24,35
room,1087_1.png,1408,1679,1439,1704,25,31
room,1087_1.png,1565,1676,1593,1701,25,28
room,1087_1.png,1713,1676,1745,1699,23,32
room,1087_1.png,1866,1676,1900,1700,24,34
room,1087_1.png,2023,1673,2055,1697,24,32
room,1087_1.png,2179,1672,2209,1696,24,30
room,1087_1.png,2331,1670,2363,1695,25,32
room,1087_1.png,1083,1335,1156,1360,25,73
room,1087_1.png,917,1346,995,1371,25,78
room,1087_1.png,1004,1181,1044,1206,25,40
room,1087_1.png,1004,1023,1040,1051,28,36
room,1087_1.png,937,683,975,706,23,38
room,1087_1.png,1096,679,1127,708,29,31
room,1087_1.png,1246,677,1278,707,30,32
room,1087_1.png,1399,675,1432,706,31,33
room,1087_1.png,1557,676,1590,704,28,33
room,1087_1.png,1707,677,1738,702,25,31
room,1087_1.png,1862,676,1891,699,23,29
room,1087_1.png,2015,675,2044,698,23,29
room,1087_1.png,2171,672,2199,696,24,28
room,1087_1.png,2303,675,2334,696,21,31
room,1088_1.png,1080,459,1149,484,25,69
room,1088_1.png,1357,542,1464,568,26,107
room,1089_1.png,1293,1394,1365,1420,26,72
room,1089_1.png,1280,1187,1353,1213,26,73
room,1089_1.png,1620,1062,1673,1085,23,53
room,1089_1.png,2048,1056,2112,1084,28,64
room,1089_1.png,2157,1402,2235,1434,32,78
room,1089_1.png,1005,1260,1058,1284,24,53
room,1089_1.png,1028,1201,1065,1224,23,37
room,1089_1.png,1134,1064,1170,1084,20,36
room,1089_1.png,1099,1146,1172,1172,26,73
room,1089_1.png,1528,1373,1630,1407,34,102
room,1090_1.png,1335,1360,1386,1386,26,51
room,1090_1.png,1268,1463,1327,1488,25,59
room,1090_1.png,1393,1463,1453,1490,27,60
room,1090_1.png,1594,1362,1656,1401,39,62
room,1091_1.png,2317,637,2580,732,95,263
room,1091_1.png,2299,857,2562,943,86,263
room,1091_1.png,2244,1595,2345,1673,78,101
room,1091_1.png,2375,1492,2519,1597,105,144
room,1091_1.png,1403,647,1583,727,80,180
room,1091_1.png,1674,637,1842,713,76,168
room,1091_1.png,693,671,882,748,77,189
room,1091_1.png,680,1363,868,1447,84,188
room,1091_1.png,1156,1298,1294,1415,117,138
room,1091_1.png,1359,1299,1495,1376,77,136
room,1091_1.png,1650,1074,1803,1151,77,153
room,1091_1.png,1644,1229,1790,1305,76,146
room,1091_1.png,1339,1454,1471,1526,72,132
room,1091_1.png,896,1727,1078,1806,79,182
room,1091_1.png,1640,1744,1782,1862,118,142
room,1091_1.png,982,967,1164,1045,78,182
room,1092_1.png,858,679,949,708,29,91
room,1092_1.png,1574,1093,1652,1124,31,78
room,1092_1.png,1567,944,1675,971,27,108
room,1092_1.png,1581,570,1679,608,38,98
room,1092_1.png,1317,661,1396,693,32,79
room,1092_1.png,1961,951,2032,1017,66,71
room,1093_1.png,869,680,935,707,27,66
room,1093_1.png,1586,1112,1646,1143,31,60
room,1093_1.png,1585,943,1663,969,26,78
room,1093_1.png,1598,575,1658,602,27,60
room,1093_1.png,1566,1423,1684,1474,51,118
room,1093_1.png,2043,1308,2236,1406,98,193
room,1093_1.png,1793,1472,1906,1525,53,113
room,1093_1.png,1765,591,1866,636,45,101
room,1093_1.png,2072,595,2186,644,49,114
room,1093_1.png,2210,786,2309,832,46,99
room,1093_1.png,1330,666,1391,695,29,61
room,1093_1.png,1752,1010,1949,1084,74,197
room,1093_1.png,2026,1012,2224,1085,73,198
room,1094_1.png,2541,915,2596,937,22,55
room,1094_1.png,2544,1151,2613,1175,24,69
room,1094_1.png,2601,1472,2681,1493,21,80
room,1094_1.png,2505,1463,2570,1487,24,65
room,1095_1.png,1195,746,1251,767,21,56
room,1096_1.png,711,1326,747,1346,20,36
room,1096_1.png,1113,1325,1157,1348,23,44
room,1096_1.png,1576,1326,1648,1350,24,72
room,1096_1.png,2399,777,2442,797,20,43
room,1096_1.png,2415,887,2439,904,17,24
room,1096_1.png,2126,867,2153,886,19,27
room,1096_1.png,1519,790,1570,809,19,51
room,1096_1.png,1757,789,1807,807,18,50
room,1096_1.png,1202,709,1268,731,22,66
room,1096_1.png,1227,863,1293,891,28,66
room,1097_1.png,1007,926,1064,949,23,57
room,1097_1.png,1185,760,1251,782,22,66
room,1097_1.png,623,1319,665,1344,25,42
room,1097_1.png,928,1290,974,1309,19,46
room,1097_1.png,1189,1294,1238,1313,19,49
room,1097_1.png,1905,1148,1990,1171,23,85
room,1098_1.png,665,1266,712,1295,29,47
room,1098_1.png,1262,1232,1344,1263,31,82
room,1098_1.png,2306,1262,2348,1283,21,42
room,1098_1.png,2566,1129,2618,1157,28,52
room,1098_1.png,2566,1397,2623,1418,21,57
room,1098_1.png,1263,915,1336,934,19,73
room,1098_1.png,1350,682,1407,705,23,57
room,1098_1.png,1849,1074,1999,1128,54,150
room,1099_1.png,1110,1398,1227,1450,52,117
room,1099_1.png,2676,1399,2796,1446,47,120
room,1099_1.png,1515,838,1679,901,63,164
room,1099_1.png,2236,839,2379,897,58,143
room,1100_1.png,1534,835,1661,894,59,127
room,1100_1.png,2245,843,2365,897,54,120
room,1101_1.png,1056,1659,1137,1684,25,81
room,1101_1.png,1247,1661,1330,1682,21,83
room,1101_1.png,2239,474,2372,496,22,133
room,1101_1.png,2496,523,2632,546,23,136
room,1101_1.png,2291,728,2374,772,44,83
room,1103_1.png,1526,837,1671,901,64,145
room,1103_1.png,2235,839,2376,896,57,141
room,1104_1.png,1534,837,1661,896,59,127
room,1104_1.png,2242,838,2367,897,59,125
room,1105_1.png,1702,387,1779,410,23,77
room,1105_1.png,1925,447,2003,470,23,78
room,1105_1.png,1786,563,1864,586,23,78
room,1105_1.png,2206,835,2284,858,23,78
room,1105_1.png,2071,1360,2151,1386,26,80
room,1105_1.png,967,1083,1047,1107,24,80
room,1105_1.png,1629,1151,1709,1175,24,80
room,1106_1.png,1669,647,1717,669,22,48
room,1106_1.png,2116,928,2155,943,15,39
room,1106_1.png,1461,541,1508,578,37,47
room,1106_1.png,1474,739,1520,800,61,46
room,1106_1.png,1210,826,1335,883,57,125
room,1106_1.png,934,638,996,670,32,62
room,1106_1.png,892,1320,959,1373,53,67
room,1107_1.png,1965,1086,2016,1119,33,51
room,1107_1.png,2092,1174,2141,1211,37,49
room,1107_1.png,1953,1155,2008,1212,57,55
room,1107_1.png,1629,609,1714,661,52,85
room,1107_1.png,1853,662,1997,706,44,144
room,1107_1.png,915,1393,980,1423,30,65
room,1107_1.png,947,895,1013,932,37,66
room,1107_1.png,1114,942,1239,997,55,125
room,1108_1.png,736,1349,804,1407,58,68
room,1108_1.png,1047,1343,1112,1409,66,65
room,1108_1.png,1364,1345,1425,1402,57,61
room,1108_1.png,1360,1148,1397,1167,19,37
room,1108_1.png,1350,1038,1394,1073,35,44
room,1108_1.png,1274,1062,1304,1079,17,30
room,1108_1.png,1038,1040,1084,1072,32,46
room,1108_1.png,958,1071,991,1085,14,33
room,1108_1.png,1040,1149,1081,1171,22,41
room,1108_1.png,646,1071,676,1088,17,30
room,1108_1.png,716,1072,747,1085,13,31
room,1108_1.png,727,1142,766,1159,17,39
room,1108_1.png,1723,768,1769,803,35,46
room,1108_1.png,1839,778,1880,796,18,41
room,1108_1.png,2018,770,2077,831,61,59
room,1108_1.png,1615,656,1644,673,17,29
room,1108_1.png,2012,1187,2078,1249,62,66
room,1108_1.png,1774,1150,1813,1165,15,39
room,1108_1.png,1764,1307,1809,1343,36,45
room,1108_1.png,1666,1450,1697,1468,18,31
room,1108_1.png,1764,1069,1783,1090,21,19
room,1108_1.png,1752,906,1769,922,16,17
room,1108_1.png,1893,730,1942,754,24,49
room,1109_1.png,1626,1424,1658,1449,25,32
room,1109_1.png,1866,1261,1924,1326,65,58
room,1109_1.png,2011,907,2081,925,18,70
room,1109_1.png,1539,999,1585,1018,19,46
room,1109_1.png,1759,946,1788,965,19,29
room,1109_1.png,1294,1064,1342,1106,42,48
room,1109_1.png,1316,931,1351,948,17,35
room,1109_1.png,1296,1258,1335,1274,16,39
room,1109_1.png,911,910,970,978,68,59
room,1109_1.png,1125,928,1159,952,24,34
room,1109_1.png,1172,1028,1219,1072,44,47
room,1109_1.png,1054,1064,1095,1081,17,41
room,1109_1.png,755,1166,811,1240,74,56
room,1109_1.png,751,1495,812,1557,62,61
room,1109_1.png,1061,1305,1117,1372,67,56
room,1110_1.png,634,713,719,739,26,85
room,1110_1.png,665,1162,713,1196,34,48
room,1110_1.png,593,1139,624,1160,21,31
room,1110_1.png,597,1198,625,1218,20,28
room,1110_1.png,912,1186,1140,1231,45,228
room,1110_1.png,2231,1176,2265,1199,23,34
room,1110_1.png,2157,1167,2191,1186,19,34
room,1110_1.png,2418,988,2474,1013,25,56
room,1110_1.png,2198,905,2248,925,20,50
room,1110_1.png,2198,1071,2258,1092,21,60
room,1110_1.png,2192,615,2273,653,38,81
room,1110_1.png,2127,653,2175,673,20,48
room,1110_1.png,2482,776,2531,796,20,49
room,1111_1.png,2188,1631,2248,1660,29,60
room,1111_1.png,2028,1485,2074,1510,25,46
room,1111_1.png,2047,1305,2123,1367,62,76
room,1111_1.png,2233,1302,2299,1367,65,66
room,1111_1.png,2040,1049,2096,1067,18,56
room,1111_1.png,2158,1048,2191,1091,43,33
room,1112_1.png,2099,1005,2157,1027,22,58
room,1112_1.png,2100,1082,2159,1105,23,59
room,1112_1.png,2290,1222,2381,1283,61,91
room,1112_1.png,2195,1747,2355,1792,45,160
room,1112_1.png,2078,1625,2132,1665,40,54
room,1112_1.png,2076,1782,2120,1804,22,44
room,1112_1.png,2106,1866,2123,1885,19,17
room,1112_1.png,1739,643,1833,701,58,94
room,1112_1.png,869,482,980,553,71,111
room,1112_1.png,726,719,843,784,65,117
room,1112_1.png,863,718,984,786,68,121
room,1112_1.png,813,909,911,966,57,98
room,1112_1.png,837,1113,928,1183,70,91
room,1112_1.png,730,1261,802,1279,18,72
room,1112_1.png,893,1521,999,1594,73,106
room,1113_1.png,749,1278,797,1296,18,48
room,1113_1.png,800,1408,846,1428,20,46
room,1113_1.png,1502,1351,1548,1370,19,46
room,1113_1.png,1629,831,1668,846,15,39
room,1113_1.png,1730,829,1795,846,17,65
room,1113_1.png,1850,1296,1928,1315,19,78
room,1113_1.png,2936,1356,2985,1375,19,49
room,1113_1.png,2499,1031,2561,1063,32,62
room,1113_1.png,2728,934,2787,957,23,59
room,1113_1.png,2615,939,2684,955,16,69
room,1114_1.png,560,796,580,870,74,20
room,1114_1.png,729,808,745,880,72,16
room,1114_1.png,637,858,671,875,17,34
room,1114_1.png,370,1345,424,1367,22,54
room,1114_1.png,589,1196,637,1216,20,48
room,1114_1.png,447,1034,502,1057,23,55
room,1114_1.png,369,1149,417,1170,21,48
room,1114_1.png,1621,797,1640,872,75,19
room,1114_1.png,1694,863,1729,877,14,35
room,1114_1.png,1786,809,1807,884,75,21
room,1114_1.png,1461,1052,1524,1068,16,63
room,1114_1.png,1459,1169,1524,1190,21,65
room,1114_1.png,1474,1266,1509,1282,16,35
room,1114_1.png,1643,1200,1703,1218,18,60
room,1114_1.png,1422,1383,1486,1404,21,64
room,1114_1.png,1874,1207,1920,1227,20,46
room,1114_1.png,2684,798,2703,873,75,19
room,1114_1.png,2754,863,2790,878,15,36
room,1114_1.png,2846,811,2867,887,76,21
room,1114_1.png,3103,1189,3120,1266,77,17
room,1114_1.png,2707,1200,2757,1220,20,50
room,1115_1.png,555,793,574,868,75,19
room,1115_1.png,630,857,666,872,15,36
room,1115_1.png,724,802,742,880,78,18
room,1115_1.png,582,1195,631,1212,17,49
room,1115_1.png,1615,795,1633,870,75,18
room,1115_1.png,1778,804,1797,881,77,19
room,1115_1.png,1406,1186,1465,1209,23,59
room,1115_1.png,1640,1071,1686,1093,22,46
room,1115_1.png,1633,1313,1691,1335,22,58
room,1115_1.png,2673,793,2693,869,76,20
room,1115_1.png,2836,806,2856,881,75,20
room,1115_1.png,3089,1181,3108,1262,81,19
room,1116_1.png,1207,736,1246,755,19,39
room,1116_1.png,1080,815,1110,830,15,30
room,1116_1.png,1097,706,1127,724,18,30
room,1116_1.png,2634,770,2672,786,16,38
room,1116_1.png,2513,747,2545,762,15,32
room,1116_1.png,2498,843,2530,859,16,32
room,1117_1.png,1046,758,1088,780,22,42
room,1117_1.png,1507,1523,1575,1544,21,68
room,1117_1.png,819,476,933,498,22,114
room,1117_1.png,1088,457,1131,479,22,43
room,1117_1.png,1144,566,1185,588,22,41
room,1117_1.png,1288,523,1348,548,25,60
room,1117_1.png,1081,1453,1148,1478,25,67
room,1118_1.png,1919,1521,1985,1552,31,66
room,1118_1.png,2102,1537,2166,1569,32,64
room,1118_1.png,2103,1705,2168,1734,29,65
room,1118_1.png,2224,1723,2289,1751,28,65
room,1118_1.png,2387,1688,2460,1717,29,73
room,1118_1.png,2378,923,2489,951,28,111
room,1118_1.png,1757,527,1836,554,27,79
room,1118_1.png,2090,609,2156,637,28,66
room,1118_1.png,1816,1724,1880,1750,26,64
room,1118_1.png,1327,1006,1394,1036,30,67
room,1118_1.png,1580,1696,1629,1728,32,49
room,1119_1.png,2271,1618,2339,1653,35,68
room,1119_1.png,1473,1625,1700,1659,34,227
room,1119_1.png,825,1079,1038,1112,33,213
room,1119_1.png,831,1622,1050,1655,33,219
room,1119_1.png,966,549,1075,583,34,109
room,1119_1.png,1635,615,1747,659,44,112
room,1119_1.png,2258,527,2398,564,37,140
room,1120_1.png,2279,1628,2343,1662,34,64
room,1120_1.png,815,1085,1027,1116,31,212
room,1120_1.png,821,1628,1036,1665,37,215
room,1120_1.png,1448,1660,1731,1694,34,283
room,1120_1.png,1637,622,1744,661,39,107
room,1120_1.png,2275,535,2415,570,35,140
room,1120_1.png,958,546,1067,586,40,109
room,1121_1.png,1450,1421,1609,1454,33,159
room,1121_1.png,902,564,1058,591,27,156
room,1121_1.png,1663,527,1820,556,29,157
room,1125_1.png,1346,1158,1387,1169,11,41
room,1125_1.png,851,1079,905,1089,10,54
room,1125_1.png,1394,1265,1450,1277,12,56
room,1125_1.png,1561,1326,1615,1337,11,54
room,1125_1.png,2086,1079,2115,1091,12,29
room,1125_1.png,1913,1087,1970,1095,8,57
room,1126_1.png,1945,652,1966,664,12,21
room,1126_1.png,1769,625,1798,637,12,29
room,1126_1.png,1796,761,1825,773,12,29
room,1126_1.png,1675,683,1705,698,15,30
room,1126_1.png,1496,627,1523,640,13,27
room,1126_1.png,1485,767,1515,780,13,30
room,1126_1.png,1260,684,1279,697,13,19
room,1126_1.png,1295,589,1331,603,14,36
room,1126_1.png,1375,748,1407,762,14,32
room,1126_1.png,1266,733,1303,747,14,37
room,1126_1.png,1264,796,1300,808,12,36
room,1126_1.png,1704,813,1729,826,13,25
room,1126_1.png,932,1196,984,1206,10,52
room,1126_1.png,1383,1125,1422,1151,26,39
room,1126_1.png,1452,1017,1499,1028,11,47
room,1126_1.png,1537,1019,1556,1033,14,19
room,1126_1.png,1382,1013,1413,1023,10,31
room,1126_1.png,2196,1155,2219,1167,12,23
room,1126_1.png,1947,1074,2004,1086,12,57
room,1126_1.png,2129,1128,2179,1140,12,50
room,1126_1.png,1911,1134,1965,1145,11,54
room,1127_1.png,1023,1363,1059,1378,15,36
room,1127_1.png,1379,1367,1416,1380,13,37
room,1127_1.png,1938,1364,1974,1377,13,36
room,1127_1.png,2351,1365,2388,1379,14,37
room,1127_1.png,2503,1139,2521,1162,23,18
room,1127_1.png,2378,1149,2415,1163,14,37
room,1127_1.png,2369,1027,2388,1039,12,19
room,1127_1.png,2560,1000,2610,1012,12,50
room,1127_1.png,2083,1131,2110,1150,19,27
room,1127_1.png,1915,1000,1942,1014,14,27
room,1127_1.png,2124,1023,2142,1035,12,18
room,1127_1.png,1950,1052,2007,1076,24,57
room,1127_1.png,1920,1152,1975,1174,22,55
room,1127_1.png,1536,1042,1575,1054,12,39
room,1127_1.png,1393,1049,1431,1070,21,38
room,1127_1.png,783,1144,820,1166,22,37
room,1128_1.png,1934,1062,1976,1086,24,42
room,1128_1.png,1483,1041,1514,1067,26,31
room,1128_1.png,2093,1168,2123,1192,24,30
room,1129_1.png,927,1239,967,1251,12,40
room,1129_1.png,1068,1239,1097,1251,12,29
room,1129_1.png,590,1358,613,1370,12,23
room,1129_1.png,556,1293,592,1308,15,36
room,1129_1.png,1177,1222,1216,1238,16,39
room,1129_1.png,1167,1167,1202,1179,12,35
room,1129_1.png,1416,1234,1456,1248,14,40
room,1129_1.png,1604,1234,1649,1254,20,45
room,1129_1.png,1609,1304,1653,1324,20,44
room,1129_1.png,1521,1444,1584,1458,14,63
room,1129_1.png,781,1490,814,1502,12,33
room,1129_1.png,648,1324,680,1334,10,32
room,1129_1.png,884,1435,902,1447,12,18
room,1129_1.png,883,1534,941,1548,14,58
room,1129_1.png,1003,1436,1032,1448,12,29
room,1129_1.png,1033,1539,1079,1550,11,46
room,1129_1.png,1130,1465,1159,1476,11,29
room,1129_1.png,1139,1431,1160,1442,11,21
room,1129_1.png,1233,1410,1264,1421,11,31
room,1129_1.png,1155,1506,1180,1516,10,25
room,1129_1.png,1152,1552,1178,1562,10,26
room,1129_1.png,1199,1550,1228,1562,12,29
room,1129_1.png,1236,1551,1264,1562,11,28
room,1129_1.png,1520,1481,1576,1492,11,56
room,1129_1.png,1763,1475,1788,1498,23,25
room,1129_1.png,1829,1474,1856,1499,25,27
room,1129_1.png,1933,1485,1963,1497,12,30
room,1129_1.png,2205,1309,2261,1323,14,56
room,1130_1.png,1072,889,1126,936,47,54
room,1130_1.png,1254,1041,1316,1091,50,62
room,1130_1.png,1069,1047,1130,1093,46,61
room,1130_1.png,1069,757,1131,803,46,62
room,1130_1.png,1317,705,1369,729,24,52
room,1130_1.png,1225,879,1254,899,20,29
room,1130_1.png,1343,892,1393,916,24,50
room,1130_1.png,1259,683,1295,724,41,36
room,1130_1.png,1037,1407,1102,1431,24,65
room,1130_1.png,1274,1406,1350,1451,45,76
room,1130_1.png,1692,1188,1741,1211,23,49
room,1130_1.png,1633,1283,1659,1307,24,26
room,1130_1.png,1556,1435,1621,1479,44,65
room,1130_1.png,1444,1463,1468,1484,21,24
room,1130_1.png,1289,883,1316,905,22,27
room,1130_1.png,1444,677,1469,698,21,25
room,1130_1.png,1626,1170,1664,1207,37,38
room,1131_1.png,1063,1401,1126,1440,39,63
room,1131_1.png,1257,1440,1290,1482,42,33
room,1131_1.png,1313,1434,1365,1462,28,52
room,1131_1.png,1438,1465,1463,1488,23,25
room,1131_1.png,1301,1299,1322,1322,23,21
room,1131_1.png,1250,1045,1311,1096,51,61
room,1131_1.png,1063,1048,1121,1096,48,58
room,1131_1.png,1062,1214,1125,1259,45,63
room,1131_1.png,1684,1188,1737,1213,25,53
room,1131_1.png,1621,1172,1659,1211,39,38
room,1131_1.png,1629,1282,1655,1307,25,26
room,1131_1.png,1547,1403,1608,1448,45,61
room,1131_1.png,1313,1215,1366,1235,20,53
room,1131_1.png,1259,1192,1298,1229,37,39
room,1131_1.png,1065,757,1122,800,43,57
room,1131_1.png,1066,889,1123,935,46,57
room,1131_1.png,1337,893,1388,919,26,51
room,1131_1.png,1275,882,1320,918,36,45
room,1131_1.png,1220,877,1250,900,23,30
room,1131_1.png,1312,704,1364,730,26,52
room,1131_1.png,1438,675,1466,699,24,28
room,1131_1.png,1260,684,1298,723,39,38
room,1132_1.png,1064,756,1119,801,45,55
room,1132_1.png,1063,891,1118,935,44,55
room,1132_1.png,1067,1050,1120,1094,44,53
room,1132_1.png,1249,1044,1307,1093,49,58
room,1132_1.png,1061,1215,1127,1258,43,66
room,1132_1.png,1064,1397,1123,1442,45,59
room,1132_1.png,1310,1436,1364,1460,24,54
room,1132_1.png,1551,1403,1611,1453,50,60
room,1132_1.png,1437,1464,1468,1489,25,31
room,1132_1.png,1338,892,1390,918,26,52
room,1132_1.png,1219,879,1248,902,23,29
room,1132_1.png,1314,707,1365,733,26,51
room,1132_1.png,1436,676,1465,701,25,29
room,1132_1.png,1275,883,1319,919,36,44
room,1132_1.png,1310,1215,1365,1237,22,55
room,1132_1.png,1257,1189,1294,1228,39,37
room,1132_1.png,1293,1299,1324,1323,24,31
room,1132_1.png,1261,1440,1296,1480,40,35
room,1132_1.png,1627,1280,1653,1308,28,26
room,1132_1.png,1680,1187,1737,1212,25,57
room,1132_1.png,1621,1171,1656,1210,39,35
room,1132_1.png,1251,681,1290,727,46,39
room,1132_1.png,1188,680,1211,730,50,23
room,1132_1.png,1083,978,1124,1008,30,41
room,1132_1.png,1162,993,1201,1021,28,39
room,1132_1.png,1191,1190,1214,1232,42,23
room,1132_1.png,1560,1317,1601,1341,24,41
room,1133_1.png,1071,756,1131,802,46,60
room,1133_1.png,1317,707,1369,730,23,52
room,1133_1.png,1442,673,1471,702,29,29
room,1133_1.png,1260,681,1298,723,42,38
room,1133_1.png,1193,684,1215,726,42,22
room,1133_1.png,1071,888,1125,934,46,54
room,1133_1.png,1225,880,1255,902,22,30
room,1133_1.png,1286,886,1321,921,35,35
room,1133_1.png,1344,892,1397,918,26,53
room,1133_1.png,1170,994,1207,1017,23,37
room,1133_1.png,1087,978,1130,1003,25,43
room,1133_1.png,1256,1041,1315,1089,48,59
room,1133_1.png,1066,1049,1135,1093,44,69
room,1133_1.png,1065,1209,1137,1260,51,72
room,1133_1.png,1071,1394,1133,1443,49,62
room,1133_1.png,1195,1440,1221,1485,45,26
room,1133_1.png,1261,1189,1301,1229,40,40
room,1133_1.png,1320,1213,1371,1238,25,51
room,1133_1.png,1304,1297,1330,1322,25,26
room,1133_1.png,1266,1440,1300,1481,41,34
room,1133_1.png,1319,1436,1371,1459,23,52
room,1133_1.png,1444,1464,1474,1488,24,30
room,1133_1.png,1566,1316,1607,1341,25,41
room,1133_1.png,1632,1284,1660,1307,23,28
room,1133_1.png,1558,1403,1617,1455,52,59
room,1133_1.png,1624,1169,1662,1209,40,38
room,1133_1.png,1690,1188,1742,1210,22,52
room,1134_1.png,1195,682,1217,724,42,22
room,1134_1.png,1258,683,1295,723,40,37
room,1134_1.png,1317,703,1368,731,28,51
room,1134_1.png,1444,671,1471,703,32,27
room,1134_1.png,1066,756,1131,806,50,65
room,1134_1.png,1070,882,1128,941,59,58
room,1134_1.png,1079,1099,1147,1149,50,68
room,1134_1.png,1070,1211,1132,1261,50,62
room,1134_1.png,1065,1392,1133,1441,49,68
room,1134_1.png,1088,978,1131,1004,26,43
room,1134_1.png,1166,993,1210,1018,25,44
room,1134_1.png,1224,873,1253,903,30,29
room,1134_1.png,1283,882,1322,918,36,39
room,1134_1.png,1344,891,1394,920,29,50
room,1134_1.png,1197,1188,1223,1231,43,26
room,1134_1.png,1264,1190,1303,1229,39,39
room,1134_1.png,1317,1212,1373,1238,26,56
room,1134_1.png,1197,1439,1220,1485,46,23
room,1134_1.png,1266,1444,1300,1486,42,34
room,1134_1.png,1315,1432,1373,1459,27,58
room,1134_1.png,1443,1460,1472,1490,30,29
room,1134_1.png,1557,1406,1616,1450,44,59
room,1134_1.png,1563,1316,1608,1344,28,45
room,1134_1.png,1686,1186,1742,1214,28,56
room,1134_1.png,1623,1167,1661,1212,45,38
room,1134_1.png,1304,1297,1328,1323,26,24
room,1134_1.png,1633,1282,1657,1303,21,24
room,1135_1.png,1071,755,1128,802,47,57
room,1135_1.png,1196,684,1217,728,44,21
room,1135_1.png,1266,683,1302,723,40,36
room,1135_1.png,1320,704,1369,729,25,49
room,1135_1.png,1441,675,1472,701,26,31
room,1135_1.png,1343,889,1396,916,27,53
room,1135_1.png,1283,882,1321,918,36,38
room,1135_1.png,1225,877,1255,901,24,30
room,1135_1.png,1092,980,1127,1002,22,35
room,1135_1.png,1169,997,1210,1018,21,41
room,1135_1.png,1069,887,1131,934,47,62
room,1135_1.png,1078,1101,1144,1151,50,66
room,1135_1.png,1071,1213,1130,1257,44,59
room,1135_1.png,1199,1191,1219,1230,39,20
room,1135_1.png,1266,1192,1302,1229,37,36
room,1135_1.png,1318,1213,1369,1239,26,51
room,1135_1.png,1304,1295,1326,1322,27,22
room,1135_1.png,1318,1435,1369,1460,25,51
room,1135_1.png,1067,1396,1129,1441,45,62
room,1135_1.png,1196,1440,1217,1484,44,21
room,1135_1.png,1264,1441,1298,1479,38,34
room,1135_1.png,1444,1464,1471,1491,27,27
room,1135_1.png,1558,1403,1616,1451,48,58
room,1135_1.png,1563,1317,1604,1342,25,41
room,1135_1.png,1634,1280,1660,1305,25,26
room,1135_1.png,1691,1188,1740,1211,23,49
room,1135_1.png,1625,1168,1661,1212,44,36
room,1136_1.png,1069,759,1133,803,44,64
room,1136_1.png,1067,889,1128,936,47,61
room,1136_1.png,1074,1101,1149,1148,47,75
room,1136_1.png,1195,680,1214,728,48,19
room,1136_1.png,1086,977,1135,1002,25,49
room,1136_1.png,1168,993,1210,1019,26,42
room,1136_1.png,1226,875,1253,901,26,27
room,1136_1.png,1342,892,1394,920,28,52
room,1136_1.png,1282,883,1320,920,37,38
room,1136_1.png,1319,703,1372,730,27,53
room,1136_1.png,1258,681,1296,725,44,38
room,1136_1.png,1261,1187,1301,1229,42,40
room,1136_1.png,1196,1187,1219,1235,48,23
room,1136_1.png,1443,669,1468,706,37,25
room,1136_1.png,1312,1214,1372,1238,24,60
room,1136_1.png,1304,1299,1328,1321,22,24
room,1136_1.png,1069,1211,1127,1264,53,58
room,1136_1.png,1071,1396,1127,1442,46,56
room,1136_1.png,1197,1441,1218,1488,47,21
room,1136_1.png,1262,1439,1300,1486,47,38
room,1136_1.png,1316,1433,1372,1458,25,56
room,1136_1.png,1444,1462,1470,1489,27,26
room,1136_1.png,1558,1407,1615,1453,46,57
room,1136_1.png,1564,1315,1604,1340,25,40
room,1136_1.png,1633,1282,1660,1309,27,27
room,1136_1.png,1625,1168,1662,1212,44,37
room,1136_1.png,1689,1188,1742,1214,26,53
room,1137_1.png,1071,758,1126,803,45,55
room,1137_1.png,1197,683,1219,727,44,22
room,1137_1.png,1263,684,1298,724,40,35
room,1137_1.png,1320,705,1371,729,24,51
room,1137_1.png,1442,673,1469,702,29,27
room,1137_1.png,1226,878,1251,901,23,25
room,1137_1.png,1072,889,1128,933,44,56
room,1137_1.png,1283,883,1320,920,37,37
room,1137_1.png,1344,889,1393,919,30,49
room,1137_1.png,1089,978,1129,1004,26,40
room,1137_1.png,1170,994,1207,1020,26,37
room,1137_1.png,1075,1101,1151,1156,55,76
room,1137_1.png,1261,1206,1300,1248,42,39
room,1137_1.png,1048,1176,1091,1201,25,43
room,1137_1.png,1146,1174,1187,1198,24,41
room,1137_1.png,1328,1225,1384,1253,28,56
room,1137_1.png,1091,1252,1152,1301,49,61
room,1137_1.png,1128,1402,1197,1451,49,69
room,1137_1.png,1493,1349,1524,1378,29,31
room,1137_1.png,1462,1428,1505,1457,29,43
room,1137_1.png,1608,1389,1669,1437,48,61
room,1137_1.png,1639,1209,1696,1260,51,57
room,1137_1.png,1540,1240,1579,1266,26,39
room,1138_1.png,1081,738,1146,784,46,65
room,1138_1.png,1322,710,1362,740,30,40
room,1138_1.png,1071,864,1122,912,48,51
room,1138_1.png,1170,883,1230,914,31,60
room,1138_1.png,1340,903,1370,935,32,30
room,1138_1.png,1173,1172,1243,1220,48,70
room,1138_1.png,1337,988,1380,1017,29,43
room,1138_1.png,1431,1216,1470,1243,27,39
room,1138_1.png,1575,1187,1638,1243,56,63
room,1144_1.png,1817,1414,1905,1469,55,88
room,1144_1.png,1299,884,1377,943,59,78
room,1144_1.png,1253,403,1328,446,43,75
room,1144_1.png,1826,399,1898,434,35,72
room,1144_1.png,1359,711,1421,734,23,62
room,1145_1.png,560,559,608,601,42,48
room,1145_1.png,714,611,838,657,46,124
room,1145_1.png,1142,530,1225,570,40,83
room,1145_1.png,1086,890,1244,931,41,158
room,1145_1.png,1543,627,1694,669,42,151
room,1145_1.png,1540,1043,1717,1092,49,177
room,1145_1.png,2355,631,2482,673,42,127
room,1145_1.png,2018,1080,2103,1126,46,85
room,1145_1.png,2519,964,2667,1006,42,148
room,1145_1.png,2456,1095,2585,1140,45,129
room,1145_1.png,1981,1414,2049,1458,44,68
room,1145_1.png,2451,1431,2585,1482,51,134
room,1145_1.png,649,1320,762,1373,53,113
room,1145_1.png,913,1365,998,1399,34,85
room,1145_1.png,922,1499,978,1536,37,56
room,1145_1.png,1102,1399,1152,1434,35,50
room,1145_1.png,1240,1406,1291,1440,34,51
room,1145_1.png,1326,1531,1365,1561,30,39
room,1145_1.png,693,796,795,827,31,102
room,1145_1.png,678,1000,812,1038,38,134
room,1145_1.png,1689,1676,1762,1712,36,73
room,1168_1.png,1873,737,1939,800,63,66
room,1168_1.png,1983,735,2061,802,67,78
room,1168_1.png,2098,731,2176,774,43,78
room,1168_1.png,2173,870,2318,911,41,145
room,1169_1.png,841,833,1051,885,52,210
room,1169_1.png,1426,680,1495,741,61,69
room,1169_1.png,1536,679,1620,747,68,84
room,1169_1.png,1669,670,1750,710,40,81
room,1169_1.png,1730,811,1879,860,49,149
room,1187_1.png,647,735,685,757,22,38
room,1187_1.png,765,749,798,764,15,33
room,1187_1.png,673,888,709,906,18,36
room,1187_1.png,813,925,847,944,19,34
room,1187_1.png,932,759,971,777,18,39
room,1187_1.png,957,853,983,870,17,26
room,1187_1.png,657,1072,695,1090,18,38
room,1187_1.png,716,1227,747,1246,19,31
room,1187_1.png,799,1428,855,1466,38,56
room,1187_1.png,1243,741,1273,759,18,30
room,1187_1.png,1356,794,1388,812,18,32
room,1187_1.png,1238,826,1265,844,18,27
room,1187_1.png,1360,1232,1399,1247,15,39
room,1187_1.png,1385,1047,1410,1063,16,25
room,1187_1.png,1255,1516,1292,1533,17,37
room,1187_1.png,1401,1462,1430,1478,16,29
room,1187_1.png,1548,1474,1577,1493,19,29
room,1187_1.png,1662,1473,1688,1493,20,26
room,1187_1.png,1801,1491,1834,1511,20,33
room,1187_1.png,1939,1475,1970,1495,20,31
room,1187_1.png,2148,1530,2189,1548,18,41
room,1187_1.png,2339,1582,2403,1598,16,64
room,1187_1.png,2419,1394,2448,1412,18,29
room,1187_1.png,1550,1071,1587,1089,18,37
room,1187_1.png,1723,1047,1784,1064,17,61
room,1187_1.png,1529,1240,1567,1259,19,38
room,1187_1.png,1787,819,1829,840,21,42
room,1187_1.png,1907,814,1957,830,16,50
room,1187_1.png,2146,814,2193,846,32,47
room,1187_1.png,2255,744,2283,759,15,28
room,1187_1.png,2072,757,2102,776,19,30
room,1187_1.png,2390,814,2441,836,22,51
room,1187_1.png,2511,895,2559,948,53,48
room,1188_1.png,711,577,785,619,42,74
room,1188_1.png,883,577,958,618,41,75
room,1188_1.png,1051,580,1124,617,37,73
room,1188_1.png,1232,577,1302,615,38,70
room,1188_1.png,1410,577,1484,618,41,74
room,1188_1.png,725,863,795,899,36,70
room,1188_1.png,723,1263,799,1303,40,76
room,1188_1.png,726,1571,802,1606,35,76
room,1188_1.png,1041,1513,1110,1551,38,69
room,1188_1.png,1221,1514,1299,1551,37,78
room,1188_1.png,1399,1514,1475,1553,39,76
room,1188_1.png,1502,1516,1578,1552,36,76
room,1188_1.png,1725,1597,1788,1636,39,63
room,1188_1.png,1829,1598,1891,1638,40,62
room,1188_1.png,1922,1601,1986,1638,37,64
room,1188_1.png,2020,1602,2084,1638,36,64
room,1188_1.png,2128,1616,2187,1650,34,59
room,1188_1.png,2223,1614,2284,1650,36,61
room,1188_1.png,2321,1613,2380,1651,38,59
room,1188_1.png,2503,620,2531,640,20,28
room,1188_1.png,2225,515,2306,532,17,81
room,1188_1.png,2100,585,2150,623,38,50
room,1188_1.png,1955,585,2019,622,37,64
room,1188_1.png,1806,581,1872,619,38,66
room,1188_1.png,1009,995,1064,1017,22,55
room,1188_1.png,1133,1034,1171,1059,25,38
room,1188_1.png,1205,1067,1238,1083,16,33
room,1188_1.png,971,1133,996,1151,18,25
room,1188_1.png,1369,1056,1408,1073,17,39
room,1188_1.png,1069,1131,1095,1151,20,26
room,1188_1.png,1219,1143,1281,1162,19,62
room,1188_1.png,1171,1170,1198,1185,15,27
room,1188_1.png,1462,1099,1511,1122,23,49
room,1188_1.png,2038,1304,2080,1327,23,42
room,1188_1.png,2045,918,2109,942,24,64
room,1188_1.png,2095,1023,2123,1043,20,28
room,1188_1.png,2100,1114,2127,1136,22,27
room,1231_1.png,880,474,942,494,20,62
room,1231_1.png,1095,463,1162,486,23,67
room,1231_1.png,1080,577,1142,601,24,62
room,1231_1.png,1113,1009,1236,1030,21,123
room,1231_1.png,1073,1095,1116,1137,42,43
room,1231_1.png,1076,1190,1113,1230,40,37
room,1231_1.png,994,1127,1055,1154,27,61
room,1231_1.png,928,1182,981,1219,37,53
room,1231_1.png,920,1077,981,1101,24,61
room,1231_1.png,699,1037,741,1060,23,42
room,1231_1.png,873,776,917,806,30,44
room,1231_1.png,1387,812,1439,842,30,52
room,1231_1.png,1780,1035,1844,1060,25,64
room,1231_1.png,1784,1172,1847,1194,22,63
room,1231_1.png,1650,1102,1718,1129,27,68
room,1231_1.png,1895,1058,1977,1084,26,82
room,1231_1.png,2060,1059,2124,1083,24,64
room,1231_1.png,2141,1213,2237,1234,21,96
room,1231_1.png,2165,1056,2250,1078,22,85
room,1231_1.png,2392,1131,2456,1156,25,64
room,1231_1.png,646,1487,730,1513,26,84
room,1231_1.png,812,1486,894,1509,23,82
room,1231_1.png,930,1485,1015,1510,25,85
room,1231_1.png,1085,1486,1167,1507,21,82
room,1231_1.png,1205,1487,1288,1510,23,83
room,1231_1.png,1361,1485,1444,1510,25,83
room,1231_1.png,1483,1486,1561,1507,21,78
room,1231_1.png,1634,1484,1716,1512,28,82
room,1231_1.png,1753,1487,1835,1511,24,82
room,1231_1.png,1914,1485,1994,1510,25,80
room,1231_1.png,2034,1487,2112,1509,22,78
room,1231_1.png,2182,1486,2269,1508,22,87
room,1231_1.png,2305,1486,2383,1508,22,78
room,1231_1.png,2461,1484,2545,1511,27,84
room,1232_1.png,1573,513,1669,536,23,96
room,1232_1.png,1654,1065,1701,1095,30,47
room,1232_1.png,1573,1000,1602,1017,17,29
room,1232_1.png,1765,1053,1794,1073,20,29
room,1232_1.png,1825,1040,1919,1058,18,94
room,1232_1.png,2048,1087,2107,1112,25,59
room,1232_1.png,1879,1478,1916,1499,21,37
room,1232_1.png,1653,1478,1691,1500,22,38
room,1232_1.png,1815,1294,1934,1353,59,119
room,1232_1.png,1867,503,2004,579,76,137
room,1233_1.png,1578,516,1668,533,17,90
room,1233_1.png,1657,712,1698,734,22,41
room,1233_1.png,1979,949,2076,981,32,97
room,1233_1.png,2126,991,2160,1007,16,34
room,1233_1.png,1622,1475,1754,1503,28,132
room,1233_1.png,1879,1481,1924,1503,22,45
room,1233_1.png,2155,1372,2186,1396,24,31
room,1233_1.png,1779,1116,1923,1166,50,144
room,1235_1.png,1713,429,1755,454,25,42
room,1235_1.png,1885,568,1927,601,33,42
room,1235_1.png,2098,533,2139,562,29,41
room,1235_1.png,2222,505,2344,536,31,122
room,1235_1.png,2667,612,2726,642,30,59
room,1235_1.png,2829,405,2870,430,25,41
room,1235_1.png,1877,1387,1921,1417,30,44
room,1235_1.png,2324,1385,2371,1420,35,47
room,1235_1.png,2201,1029,2318,1063,34,117
room,1236_1.png,1346,1731,1476,1766,35,130
room,1236_1.png,1842,1731,1901,1768,37,59
room,1236_1.png,2404,1523,2446,1545,22,42
room,1236_1.png,2049,686,2155,711,25,106
room,1236_1.png,1413,200,1461,236,36,48
room,1236_1.png,1655,1009,1796,1047,38,141
room,1238_1.png,538,380,579,395,15,41
room,1238_1.png,758,381,797,394,13,39
room,1238_1.png,922,371,961,388,17,39
room,1238_1.png,1025,372,1066,386,14,41
room,1238_1.png,1193,391,1233,407,16,40
room,1238_1.png,1415,371,1459,389,18,44
room,1238_1.png,1404,535,1429,553,18,25
room,1238_1.png,545,689,592,705,16,47
room,1238_1.png,825,625,878,642,17,53
room,1238_1.png,795,707,851,725,18,56
room,1238_1.png,908,714,965,730,16,57
room,1238_1.png,1012,656,1069,677,21,57
room,1238_1.png,1009,749,1038,763,14,29
room,1238_1.png,1140,679,1164,705,26,24
room,1238_1.png,1166,610,1202,638,28,36
room,1238_1.png,1173,690,1209,706,16,36
room,1238_1.png,1170,757,1197,781,24,27
room,1238_1.png,1557,606,1594,623,17,37
room,1238_1.png,1639,607,1683,622,15,44
room,1238_1.png,1726,632,1761,649,17,35
room,1238_1.png,1885,659,1931,675,16,46
room,1238_1.png,1929,749,2005,762,13,76
room,1238_1.png,2093,652,2133,669,17,40
room,1238_1.png,2310,653,2357,668,15,47
room,1238_1.png,2530,653,2574,670,17,44
room,1238_1.png,2740,652,2780,668,16,40
room,1238_1.png,2959,633,3000,650,17,41
room,1238_1.png,2758,910,2785,925,15,27
room,1238_1.png,2875,942,2921,954,12,46
room,1238_1.png,2693,1017,2744,1033,16,51
room,1238_1.png,2794,1019,2842,1034,15,48
room,1238_1.png,2963,1042,3004,1058,16,41
room,1238_1.png,2530,1009,2574,1024,15,44
room,1238_1.png,2321,1008,2363,1023,15,42
room,1238_1.png,2094,1005,2134,1019,14,40
room,1238_1.png,1935,1004,1976,1020,16,41
room,1238_1.png,1836,924,1865,938,14,29
room,1238_1.png,1836,1025,1872,1038,13,36
room,1238_1.png,712,913,743,932,19,31
room,1238_1.png,710,998,745,1013,15,35
room,1238_1.png,543,990,587,1005,15,44
room,1238_1.png,329,1399,361,1426,27,32
room,1238_1.png,543,1399,569,1425,26,26
room,1238_1.png,753,1399,782,1425,26,29
room,1238_1.png,718,1478,742,1491,13,24
room,1238_1.png,610,1477,634,1492,15,24
room,1238_1.png,1225,1405,1251,1422,17,26
room,1238_1.png,1279,1406,1314,1422,16,35
room,1238_1.png,1218,1472,1251,1489,17,33
room,1238_1.png,1270,1474,1304,1485,11,34
room,1238_1.png,1439,1416,1496,1431,15,57
room,1238_1.png,1454,1474,1500,1489,15,46
room,1238_1.png,1479,1652,1506,1666,14,27
room,1238_1.png,1480,1713,1508,1728,15,28
room,1238_1.png,1372,1683,1400,1712,29,28
room,1238_1.png,1028,1630,1052,1644,14,24
room,1238_1.png,1134,1631,1161,1645,14,27
room,1238_1.png,1196,1684,1222,1712,28,26
room,1238_1.png,982,1685,1009,1710,25,27
room,1238_1.png,777,1687,804,1710,23,27
room,1238_1.png,704,1630,731,1644,14,27
room,1238_1.png,599,1632,620,1644,12,21
room,1238_1.png,541,1685,568,1713,28,27
room,1238_1.png,282,1631,307,1645,14,25
room,1238_1.png,330,1685,360,1713,28,30
room,1240_1.png,880,641,942,666,25,62
room,1240_1.png,1095,744,1148,764,20,53
room,1240_1.png,1224,747,1276,765,18,52
room,1240_1.png,1376,744,1431,763,19,55
room,1240_1.png,1492,746,1546,766,20,54
room,1240_1.png,1652,1041,1700,1059,18,48
room,1240_1.png,1656,1178,1700,1193,15,44
room,1240_1.png,1787,1098,1819,1132,34,32
room,1240_1.png,1525,1107,1570,1126,19,45
room,1240_1.png,1931,1101,1965,1133,32,34
room,1240_1.png,2060,1100,2095,1132,32,35
room,1240_1.png,2204,1100,2244,1132,32,40
room,1240_1.png,2474,1490,2533,1509,19,59
room,1240_1.png,2316,1492,2372,1507,15,56
room,1240_1.png,2198,1490,2256,1508,18,58
room,1240_1.png,2044,1490,2101,1506,16,57
room,1240_1.png,1925,1491,1982,1508,17,57
room,1240_1.png,1764,1490,1823,1509,19,59
room,1240_1.png,1646,1489,1705,1506,17,59
room,1240_1.png,1493,1489,1552,1506,17,59
room,1240_1.png,1373,1491,1435,1509,18,62
room,1240_1.png,1213,1491,1273,1510,19,60
room,1240_1.png,1095,1490,1154,1507,17,59
room,1240_1.png,942,1490,999,1507,17,57
room,1240_1.png,822,1491,883,1509,18,61
room,1240_1.png,657,1490,720,1510,20,63
room,1240_1.png,555,1493,612,1511,18,57
room,1240_1.png,699,1041,733,1057,16,34
room,1240_1.png,928,1083,971,1101,18,43
room,1240_1.png,932,1190,975,1219,29,43
room,1240_1.png,1003,1133,1046,1150,17,43
room,1240_1.png,1078,1100,1107,1136,36,29
room,1240_1.png,1078,1200,1109,1228,28,31
room,1241_1.png,929,730,1009,754,24,80
room,1241_1.png,1194,706,1260,733,27,66
room,1241_1.png,1278,808,1321,834,26,43
room,1241_1.png,1508,919,1573,945,26,65
room,1241_1.png,918,900,1061,927,27,143
room,1241_1.png,979,1036,1056,1058,22,77
room,1241_1.png,1073,1016,1157,1033,17,84
room,1241_1.png,1170,1013,1253,1032,19,83
room,1241_1.png,694,1037,739,1063,26,45
room,1241_1.png,925,1081,976,1101,20,51
room,1241_1.png,929,1187,981,1221,34,52
room,1241_1.png,993,1129,1050,1154,25,57
room,1241_1.png,1075,1101,1112,1137,36,37
room,1241_1.png,1075,1195,1110,1228,33,35
room,1241_1.png,1644,1042,1708,1064,22,64
room,1241_1.png,1780,1090,1863,1116,26,83
room,1241_1.png,1875,1217,1957,1236,19,82
room,1241_1.png,1652,1175,1710,1198,23,58
room,1241_1.png,1517,1106,1577,1131,25,60
room,1241_1.png,591,1485,681,1512,27,90
room,1241_1.png,872,1486,952,1510,24,80
room,1241_1.png,1145,1484,1228,1513,29,83
room,1241_1.png,1420,1486,1503,1508,22,83
room,1241_1.png,1972,1487,2050,1510,23,78
room,1241_1.png,2247,1486,2324,1509,23,77
room,1241_1.png,2464,1487,2544,1510,23,80
room,1245_1.png,647,788,717,831,43,70
room,1245_1.png,648,900,719,937,37,71
room,1245_1.png,1817,818,1935,857,39,118
room,1245_1.png,1823,1087,1929,1138,51,106
room,1245_1.png,679,1101,726,1141,40,47
room,1245_1.png,683,1293,728,1328,35,45
room,1245_1.png,690,1474,725,1512,38,35
room,1245_1.png,696,1668,728,1700,32,32
room,1245_1.png,989,1110,1028,1145,35,39
room,1245_1.png,991,1293,1024,1328,35,33
room,1245_1.png,985,1477,1023,1513,36,38
room,1245_1.png,990,1662,1026,1690,28,36
room,1245_1.png,1434,1130,1550,1161,31,116
room,1245_1.png,1475,1427,1638,1468,41,163
room,1246_1.png,955,1143,998,1170,27,43
room,1246_1.png,1094,1137,1156,1176,39,62
room,1255_1.png,1104,659,1162,690,31,58
room,1255_1.png,1299,714,1320,755,41,21
room,1255_1.png,1154,1269,1201,1288,19,47
room,1255_1.png,1913,1127,1971,1151,24,58
room,1255_1.png,2305,1456,2345,1489,33,40
room,1256_1.png,1332,711,1411,750,39,79
room,1256_1.png,1563,718,1633,744,26,70
room,1256_1.png,1912,717,1986,745,28,74
room,1256_1.png,2141,718,2214,743,25,73
room,1256_1.png,1714,1126,1754,1156,30,40
room,1256_1.png,1673,1222,1729,1246,24,56
room,1257_1.png,865,1109,950,1140,31,85
room,1257_1.png,1363,1287,1473,1326,39,110
room,1257_1.png,1606,1538,1730,1574,36,124
room,1257_1.png,1235,1595,1327,1640,45,92
room,1257_1.png,1885,1681,2036,1718,37,151
room,1258_1.png,1030,510,1099,532,22,69
room,1258_1.png,1234,564,1262,581,17,28
room,1258_1.png,1231,481,1259,497,16,28
room,1258_1.png,1485,511,1546,531,20,61
room,1258_1.png,1749,493,1789,506,13,40
room,1258_1.png,1107,705,1138,727,22,31
room,1258_1.png,1204,704,1250,730,26,46
room,1258_1.png,881,956,932,976,20,51
room,1258_1.png,1033,956,1088,978,22,55
room,1258_1.png,1379,834,1431,852,18,52
room,1258_1.png,1140,1217,1193,1235,18,53
room,1258_1.png,1270,1204,1315,1217,13,45
room,1258_1.png,1400,1224,1457,1238,14,57
room,1258_1.png,1503,1237,1544,1258,21,41
room,1258_1.png,1984,1245,2034,1265,20,50
room,1258_1.png,2245,1253,2326,1274,21,81
room,1259_1.png,933,613,1078,723,110,145
room,1259_1.png,1281,413,1384,468,55,103
room,1259_1.png,1577,611,1726,725,114,149
room,1259_1.png,1260,724,1388,803,79,128
room,1259_1.png,1925,415,2035,465,50,110
room,1259_1.png,1924,731,2047,809,78,123
room,1259_1.png,2223,612,2365,723,111,142
room,1259_1.png,1825,1254,1894,1283,29,69
room,1259_1.png,1957,1254,2022,1283,29,65
room,1259_1.png,2408,1247,2515,1306,59,107
room,1259_1.png,2372,1519,2548,1572,53,176
room,1259_1.png,2144,1499,2207,1547,48,63
room,1259_1.png,2046,1509,2109,1558,49,63
room,1259_1.png,2107,1652,2242,1701,49,135
room,1259_1.png,959,1427,1099,1481,54,140
room,1259_1.png,1532,1428,1709,1479,51,177
room,1259_1.png,1756,1207,1808,1253,46,52
room,1259_1.png,868,1069,975,1122,53,107
room,1259_1.png,868,1002,974,1050,48,106
room,1260_1.png,917,615,1068,726,111,151
room,1260_1.png,795,1005,905,1058,53,110
room,1260_1.png,1271,511,1396,591,80,125
room,1260_1.png,1262,790,1405,838,48,143
room,1260_1.png,1261,865,1411,913,48,150
room,1260_1.png,783,994,920,1132,138,137
room,1260_1.png,1562,614,1727,719,105,165
room,1260_1.png,1930,517,2056,567,50,126
room,1260_1.png,1917,692,2041,750,58,124
room,1260_1.png,2234,611,2369,722,111,135
room,1260_1.png,2358,931,2501,985,54,143
room,1260_1.png,1949,874,2034,927,53,85
room,1260_1.png,943,1038,1046,1088,50,103
room,1260_1.png,1218,1285,1350,1344,59,132
room,1260_1.png,898,1533,1020,1582,49,122
room,1260_1.png,1157,1528,1260,1580,52,103
room,1260_1.png,1422,1515,1520,1620,105,98
room,1260_1.png,1357,1655,1454,1735,80,97
room,1260_1.png,1061,1715,1204,1766,51,143
room,1260_1.png,1565,1162,1686,1219,57,121
room,1260_1.png,1560,1269,1688,1321,52,128
room,1260_1.png,1833,1272,1896,1296,24,63
room,1260_1.png,1958,1272,2024,1298,26,66
room,1260_1.png,2396,1539,2533,1591,52,137
room,1260_1.png,1614,1540,1741,1616,76,127
room,1260_1.png,1367,1168,1516,1220,52,149
room,1261_1.png,1400,868,1472,922,54,72
room,1261_1.png,1397,1043,1502,1067,24,105
room,1261_1.png,1416,1098,1462,1126,28,46
room,1261_1.png,1592,959,1674,985,26,82
room,1261_1.png,2033,935,2098,968,33,65
room,1261_1.png,1797,876,1863,901,25,66
room,1261_1.png,1792,983,1861,1015,32,69
room,1261_1.png,1793,1090,1875,1140,50,82
room,1261_1.png,1196,961,1285,988,27,89
room,1261_1.png,1124,1185,1166,1210,25,42
room,1261_1.png,1208,1191,1253,1219,28,45
room,1261_1.png,2077,1132,2122,1157,25,45
room,1261_1.png,1376,1345,1441,1370,25,65
room,1261_1.png,1581,1335,1644,1360,25,63
room,1261_1.png,1592,1273,1634,1292,19,42
room,1261_1.png,1740,1304,1775,1352,48,35
room,1261_1.png,1815,1302,1855,1354,52,40
room,1261_1.png,1178,1495,1243,1517,22,65
room,1261_1.png,1359,1496,1402,1523,27,43
room,1261_1.png,1452,1494,1522,1546,52,70
room,1261_1.png,1414,1584,1463,1613,29,49
room,1261_1.png,1363,1568,1404,1615,47,41
room,1261_1.png,1158,1564,1290,1585,21,132
room,1261_1.png,1581,1496,1706,1525,29,125
room,1261_1.png,2127,1496,2198,1530,34,71
room,1262_1.png,1411,771,1461,795,24,50
room,1262_1.png,1392,959,1460,1007,48,68
room,1262_1.png,1796,768,1842,796,28,46
room,1262_1.png,1784,956,1848,1006,50,64
room,1262_1.png,1965,886,2045,912,26,80
room,1262_1.png,1583,886,1658,914,28,75
room,1262_1.png,1200,884,1272,913,29,72
room,1262_1.png,1160,1118,1203,1142,24,43
room,1262_1.png,1162,1161,1205,1183,22,43
room,1262_1.png,1215,1351,1277,1375,24,62
room,1262_1.png,1548,1370,1650,1396,26,102
room,1262_1.png,1675,1242,1715,1262,20,40
room,1262_1.png,1724,1245,1758,1291,46,34
room,1262_1.png,1800,1245,1837,1292,47,37
room,1262_1.png,1847,1419,1890,1443,24,43
room,1262_1.png,1905,1421,1950,1446,25,45
room,1262_1.png,1897,1507,1958,1528,21,61
room,1262_1.png,2076,1265,2123,1293,28,47
room,1262_1.png,2046,1426,2150,1454,28,104
room,1263_1.png,894,1190,1026,1229,39,132
room,1263_1.png,950,1284,1039,1321,37,89
room,1263_1.png,875,1448,1003,1479,31,128
room,1263_1.png,914,1622,1048,1654,32,134
room,1264_1.png,886,690,950,728,38,64
room,1264_1.png,1690,478,1771,512,34,81
room,1264_1.png,1293,986,1372,1023,37,79
room,1264_1.png,955,1206,1083,1233,27,128
room,1264_1.png,1000,1300,1077,1332,32,77
room,1264_1.png,888,1451,1026,1478,27,138
room,1264_1.png,918,1627,1048,1656,29,130
room,1265_1.png,887,693,946,727,34,59
room,1265_1.png,1690,480,1771,513,33,81
room,1265_1.png,1297,991,1370,1021,30,73
room,1265_1.png,954,1204,1084,1238,34,130
room,1265_1.png,997,1298,1081,1332,34,84
room,1265_1.png,889,1446,1018,1481,35,129
room,1265_1.png,915,1620,1053,1662,42,138
room,1266_1.png,1435,817,1521,853,36,86
room,1266_1.png,2157,733,2270,766,33,113
room,1266_1.png,1259,1196,1334,1236,40,75
room,1266_1.png,2004,1259,2098,1295,36,94
room,1266_1.png,1787,1854,1885,1896,42,98
room,1266_1.png,2053,1959,2153,2001,42,100
room,1266_1.png,2470,1890,2692,1927,37,222
room,1267_1.png,1175,820,1285,859,39,110
room,1272_1.png,1157,560,1220,594,34,63
room,1272_1.png,1198,746,1294,787,41,96
room,1272_1.png,1339,1043,1467,1085,42,128
room,1272_1.png,1434,745,1517,811,66,83
room,1272_1.png,1773,694,1942,734,40,169
room,1272_1.png,1702,966,1794,1018,52,92
room,1272_1.png,2037,967,2133,1020,53,96
room,1272_1.png,1557,1477,1657,1522,45,100
room,1272_1.png,1859,1314,1938,1356,42,79
room,1272_1.png,1957,1258,2052,1298,40,95
room,1272_1.png,2155,1406,2235,1448,42,80
room,1272_1.png,1879,1540,2011,1599,59,132
room,1272_1.png,2097,1599,2176,1637,38,79
room,1272_1.png,2452,1741,2562,1785,44,110
room,1272_1.png,2774,1337,2860,1388,51,86
room,1272_1.png,2779,1454,2867,1506,52,88
room,1272_1.png,2441,1025,2517,1069,44,76
room,1272_1.png,2486,837,2563,877,40,77
room,1272_1.png,2876,901,2986,931,30,110
room,1272_1.png,2890,1129,3003,1161,32,113
room,1273_1.png,931,575,990,606,31,59
room,1273_1.png,1951,820,2076,857,37,125
room,1274_1.png,880,619,969,651,32,89
room,1274_1.png,1203,626,1308,649,23,105
room,1274_1.png,1962,621,2078,647,26,116
room,1274_1.png,2111,1731,2198,1758,27,87
room,1274_1.png,2302,1731,2375,1758,27,73
room,1274_1.png,2533,1732,2607,1756,24,74
room,1276_1.png,186,1355,399,1463,108,213
room,1277_1.png,1407,345,1503,420,75,96
room,1277_1.png,1689,265,1778,352,87,89
room,1277_1.png,1683,418,1778,489,71,95
room,1277_1.png,2144,388,2226,444,56,82
room,1277_1.png,2333,246,2409,279,33,76
room,1277_1.png,1106,723,1180,777,54,74
room,1277_1.png,1423,676,1496,729,53,73
room,1277_1.png,1692,665,1745,714,49,53
room,1277_1.png,1762,643,1827,708,65,65
room,1277_1.png,1853,646,1942,713,67,89
room,1277_1.png,1943,880,2011,946,66,68
room,1277_1.png,1690,944,1768,1009,65,78
room,1277_1.png,1313,726,1363,756,30,50
room,1277_1.png,1245,951,1317,1026,75,72
room,1277_1.png,2226,930,2307,1000,70,81
room,1277_1.png,1837,763,1891,793,30,54
room,1277_1.png,2313,1243,2400,1275,32,87
room,1277_1.png,2478,564,2532,597,33,54
room,1278_1.png,1056,514,1147,597,83,91
room,1278_1.png,1751,414,1868,465,51,117
room,1278_1.png,1191,946,1284,1011,65,93
room,1278_1.png,1071,704,1120,737,33,49
room,1278_1.png,1668,944,1754,1017,73,86
room,1278_1.png,2129,942,2231,1019,77,102
room,1279_1.png,2045,923,2101,944,21,56
room,1279_1.png,2167,923,2224,945,22,57
room,1279_1.png,2267,911,2322,930,19,55
room,1279_1.png,2395,917,2449,935,18,54
room,1279_1.png,2469,923,2506,942,19,37
room,1279_1.png,2836,893,2892,917,24,56
room,1279_1.png,2526,1094,2566,1115,21,40
room,1279_1.png,2582,1096,2654,1115,19,72
room,1279_1.png,2734,1073,2798,1096,23,64
room,1279_1.png,2387,1095,2481,1113,18,94
room,1279_1.png,2155,1117,2248,1137,20,93
room,1279_1.png,2051,1096,2096,1121,25,45
room,1279_1.png,1940,1138,2030,1157,19,90
room,1280_1.png,643,888,711,908,20,68
room,1280_1.png,921,806,977,827,21,56
room,1280_1.png,1069,845,1146,866,21,77
room,1280_1.png,1209,863,1247,882,19,38
room,1280_1.png,1339,863,1377,882,19,38
room,1280_1.png,1459,858,1499,879,21,40
room,1280_1.png,1588,858,1624,878,20,36
room,1280_1.png,1701,810,1758,829,19,57
room,1280_1.png,1828,840,1888,858,18,60
room,1280_1.png,1921,812,1977,832,20,56
room,1280_1.png,2045,841,2119,863,22,74
room,1280_1.png,2118,812,2174,832,20,56
room,1280_1.png,2174,841,2227,860,19,53
room,1280_1.png,2229,841,2302,860,19,73
room,1280_1.png,2333,839,2390,858,19,57
room,1280_1.png,2431,859,2473,880,21,42
room,1280_1.png,2492,859,2530,880,21,38
room,1280_1.png,2609,817,2683,834,17,74
room,1280_1.png,2677,857,2715,880,23,38
room,1280_1.png,2748,858,2786,880,22,38
room,1280_1.png,2805,857,2842,879,22,37
room,1280_1.png,2863,859,2902,879,20,39
room,1280_1.png,2839,1052,2876,1071,19,37
room,1280_1.png,2709,1051,2750,1072,21,41
room,1280_1.png,2578,1051,2623,1073,22,45
room,1280_1.png,2462,1051,2502,1074,23,40
room,1280_1.png,2338,1054,2382,1072,18,44
room,1280_1.png,2215,1052,2254,1072,20,39
room,1280_1.png,2090,1052,2134,1073,21,44
room,1280_1.png,1719,1050,1757,1071,21,38
room,1280_1.png,1590,1051,1625,1071,20,35
room,1280_1.png,1465,1053,1504,1072,19,39
room,1280_1.png,1342,1052,1379,1072,20,37
room,1280_1.png,1214,1051,1253,1072,21,39
room,1281_1.png,857,912,905,932,20,48
room,1281_1.png,990,911,1051,930,19,61
room,1281_1.png,1097,933,1129,953,20,32
room,1281_1.png,1160,934,1192,952,18,32
room,1281_1.png,1221,934,1253,953,19,32
room,1281_1.png,1286,931,1321,954,23,35
room,1281_1.png,1387,932,1422,953,21,35
room,1281_1.png,1512,931,1546,953,22,34
room,1281_1.png,1745,940,1795,958,18,50
room,1281_1.png,1851,907,1909,927,20,58
room,1281_1.png,1991,943,2039,962,19,48
room,1281_1.png,2005,886,2067,906,20,62
room,1281_1.png,2114,934,2147,952,18,33
room,1281_1.png,2184,933,2216,952,19,32
room,1281_1.png,2244,932,2279,953,21,35
room,1281_1.png,2306,932,2342,952,20,36
room,1281_1.png,2372,933,2404,953,20,32
room,1281_1.png,2435,933,2471,951,18,36
room,1281_1.png,2552,893,2609,909,16,57
room,1281_1.png,2627,932,2659,951,19,32
room,1281_1.png,2687,933,2718,950,17,31
room,1281_1.png,2755,932,2788,953,21,33
room,1281_1.png,2817,932,2848,952,20,31
room,1281_1.png,2785,1121,2817,1140,19,32
room,1281_1.png,2658,1119,2690,1140,21,32
room,1281_1.png,2532,1119,2564,1140,21,32
room,1281_1.png,2405,1122,2439,1140,18,34
room,1281_1.png,2275,1120,2307,1142,22,32
room,1281_1.png,2155,1120,2190,1141,21,35
room,1281_1.png,2019,1121,2054,1141,20,35
room,1281_1.png,1638,1122,1670,1139,17,32
room,1281_1.png,1509,1120,1543,1139,19,34
room,1281_1.png,1385,1121,1416,1139,18,31
room,1281_1.png,1259,1119,1296,1138,19,37
room,1281_1.png,1127,1121,1163,1140,19,36
room,1282_1.png,1181,746,1229,763,17,48
room,1282_1.png,1324,759,1397,780,21,73
room,1282_1.png,1216,873,1279,899,26,63
room,1282_1.png,1370,924,1469,973,49,99
room,1282_1.png,2013,857,2148,896,39,135
room,1282_1.png,1697,1063,1900,1090,27,203
room,1282_1.png,1176,1200,1326,1247,47,150
room,1282_1.png,952,1288,1061,1336,48,109
room,1282_1.png,2401,767,2457,789,22,56
room,1282_1.png,2488,772,2542,791,19,54
room,1282_1.png,2021,612,2084,639,27,63
room,1282_1.png,2422,1059,2528,1107,48,106
room,1283_1.png,2556,1670,2597,1688,18,41
room,1283_1.png,2697,1588,2726,1602,14,29
room,1283_1.png,2687,1509,2736,1522,13,49
room,1283_1.png,2696,1417,2724,1431,14,28
room,1283_1.png,2688,1337,2740,1367,30,52
room,1283_1.png,2612,1296,2642,1313,17,30
room,1283_1.png,2072,1435,2152,1454,19,80
room,1283_1.png,2426,1055,2466,1071,16,40
room,1283_1.png,1967,973,2159,990,17,192
room,1283_1.png,2569,1023,2596,1038,15,27
room,1283_1.png,2599,529,2632,544,15,33
room,1284_1.png,1346,1144,1382,1160,16,36
room,1284_1.png,1582,1239,1677,1256,17,95
room,1284_1.png,1787,1145,1862,1163,18,75
room,1284_1.png,1818,1370,1856,1403,33,38
room,1284_1.png,1866,1435,1902,1450,15,36
room,1284_1.png,1821,1530,1898,1546,16,77
room,1284_1.png,1808,1744,1833,1760,16,25
room,1286_1.png,689,1090,817,1122,32,128
room,1286_1.png,942,1063,1019,1094,31,77
room,1286_1.png,1138,1032,1222,1059,27,84
room,1286_1.png,1139,1132,1222,1164,32,83
room,1286_1.png,800,603,935,636,33,135
room,1286_1.png,1193,566,1236,594,28,43
room,1286_1.png,1754,742,1843,794,52,89
room,1286_1.png,2011,656,2081,693,37,70
room,1286_1.png,2179,724,2242,754,30,63
room,1286_1.png,2258,703,2307,738,35,49
room,1286_1.png,2565,617,2694,652,35,129
room,1286_1.png,2367,1034,2510,1071,37,143
room,1286_1.png,771,1419,909,1452,33,138
room,1286_1.png,1192,1564,1236,1593,29,44
room,1286_1.png,1538,1143,1620,1177,34,82
room,1286_1.png,1769,1248,1843,1275,27,74
room,1286_1.png,2038,1017,2124,1055,38,86
room,1286_1.png,3102,576,3185,608,32,83
room,1286_1.png,3113,706,3162,739,33,49
room,1286_1.png,2817,939,2964,971,32,147
room,1288_1.png,597,711,694,768,57,97
room,1288_1.png,769,700,867,756,56,98
room,1288_1.png,907,705,1000,756,51,93
room,1288_1.png,1043,702,1136,755,53,93
room,1288_1.png,1189,703,1286,759,56,97
room,1288_1.png,1360,702,1456,756,54,96
room,1288_1.png,1529,720,1558,745,25,29
room,1288_1.png,1636,797,1697,839,42,61
room,1288_1.png,719,826,762,866,40,43
room,1288_1.png,1910,681,1943,736,55,33
room,1288_1.png,1911,780,1943,837,57,32
room,1288_1.png,1844,717,1895,763,46,51
room,1288_1.png,1961,707,2054,760,53,93
room,1288_1.png,2148,706,2236,757,51,88
room,1288_1.png,2252,703,2345,759,56,93
room,1288_1.png,2432,703,2529,757,54,97
room,1288_1.png,2542,704,2638,756,52,96
room,1288_1.png,2727,703,2819,755,52,92
room,1288_1.png,2566,998,2643,1018,20,77
room,1288_1.png,2599,1040,2692,1091,51,93
room,1288_1.png,2665,1164,2722,1184,20,57
room,1288_1.png,2550,1200,2654,1219,19,104
room,1288_1.png,2739,1181,2820,1220,39,81
room,1288_1.png,2688,1265,2760,1290,25,72
room,1288_1.png,2713,1340,2766,1373,33,53
room,1288_1.png,2551,1332,2627,1352,20,76
room,1288_1.png,2276,1234,2372,1291,57,96
room,1288_1.png,2439,1228,2517,1269,41,78
room,1288_1.png,2151,1235,2241,1290,55,90
room,1288_1.png,1994,1235,2089,1294,59,95
room,1288_1.png,1847,1324,1898,1375,51,51
room,1288_1.png,1817,1211,1904,1252,41,87
room,1288_1.png,1633,1072,1685,1091,19,52
room,1288_1.png,1522,1355,1604,1377,22,82
room,1288_1.png,1335,1241,1429,1296,55,94
room,1288_1.png,1302,1139,1342,1178,39,40
room,1288_1.png,1202,1240,1298,1296,56,96
room,1288_1.png,1058,1242,1154,1295,53,96
room,1288_1.png,890,1231,959,1268,37,69
room,1288_1.png,767,1192,874,1213,21,107
room,1288_1.png,701,1161,756,1185,24,55
room,1288_1.png,790,1339,862,1360,21,72
room,1288_1.png,638,1342,704,1378,36,66
room,1288_1.png,658,1273,733,1299,26,75
room,1288_1.png,602,1182,684,1219,37,82
room,1288_1.png,670,1057,826,1093,36,156
room,1289_1.png,1622,617,1656,653,36,34
room,1289_1.png,1498,638,1565,674,36,67
room,1289_1.png,1478,742,1532,800,58,54
room,1289_1.png,1571,792,1606,849,57,35
room,1289_1.png,1620,792,1654,849,57,34
room,1289_1.png,1744,821,1805,852,31,61
room,1289_1.png,1698,965,1751,999,34,53
room,1289_1.png,1693,1182,1749,1214,32,56
room,1289_1.png,1740,1339,1812,1378,39,72
room,1289_1.png,1615,1339,1693,1378,39,78
room,1289_1.png,1454,1292,1578,1327,35,124
room,1289_1.png,1161,1007,1221,1042,35,60
room,1289_1.png,1262,1011,1325,1049,38,63
room,1289_1.png,1254,1150,1329,1186,36,75
room,1289_1.png,1266,1319,1321,1338,19,55
room,1289_1.png,1185,1320,1243,1338,18,58
room,1289_1.png,985,1302,1042,1334,32,57
room,1289_1.png,912,1148,1035,1182,34,123
room,1289_1.png,895,995,932,1031,36,37
room,1289_1.png,966,992,1000,1032,40,34
room,1289_1.png,1019,1008,1075,1045,37,56
room,1289_1.png,607,607,685,625,18,78
room,1289_1.png,899,636,980,670,34,81
room,1289_1.png,1119,742,1174,779,37,55
room,1289_1.png,1334,776,1373,808,32,39
room,1289_1.png,603,941,747,993,52,144
room,1290_1.png,1947,918,2042,953,35,95
room,1290_1.png,1974,1091,2042,1122,31,68
room,1290_1.png,1648,1255,1706,1281,26,58
room,1290_1.png,1630,1215,1717,1322,107,87
room,1290_1.png,1731,1297,1799,1324,27,68
room,1290_1.png,2028,1610,2086,1640,30,58
room,1290_1.png,2284,1336,2428,1366,30,144
room,1290_1.png,1819,1615,1949,1648,33,130
room,1291_1.png,1131,1148,1256,1191,43,125
room,1291_1.png,1886,872,1990,901,29,104
room,1291_1.png,1857,1391,1991,1421,30,134
room,1291_1.png,1933,1560,2075,1595,35,142
room,1292_1.png,1131,798,1247,834,36,116
room,1292_1.png,1339,867,1451,905,38,112
room,1292_1.png,1549,789,1664,820,31,115
room,1292_1.png,2039,908,2149,943,35,110
room,1292_1.png,1970,1323,2114,1359,36,144
room,1292_1.png,2051,1545,2203,1576,31,152
room,1292_1.png,1965,1634,2075,1674,40,110
room,1293_1.png,590,551,1551,653,102,961
room,1294_1.png,964,731,1014,764,33,50
room,1294_1.png,960,984,1029,1018,34,69
room,1294_1.png,970,1171,1015,1205,34,45
room,1294_1.png,1025,1584,1072,1612,28,47
room,1294_1.png,1694,969,1896,1023,54,202
room,1295_1.png,1193,1289,1229,1312,23,36
room,1295_1.png,1401,1198,1447,1239,41,46
room,1295_1.png,1558,1377,1611,1413,36,53
room,1296_1.png,2468,868,2524,899,31,56
room,1296_1.png,2560,845,2626,875,30,66
room,1296_1.png,2705,852,2762,873,21,57
room,1296_1.png,2700,924,2750,952,28,50
room,1296_1.png,2314,1291,2378,1324,33,64
room,1297_1.png,1091,753,1343,782,29,252
room,1297_1.png,1827,783,1872,811,28,45
room,1297_1.png,1892,822,1955,850,28,63
room,1297_1.png,2135,783,2189,804,21,54
room,1297_1.png,2349,795,2403,818,23,54
room,1297_1.png,2269,793,2313,815,22,44
room,1297_1.png,2277,1010,2383,1043,33,106
room,1297_1.png,2285,1095,2345,1122,27,60
room,1297_1.png,2076,884,2179,907,23,103
room,1297_1.png,2223,1325,2313,1363,38,90
room,1298_1.png,2494,815,2547,841,26,53
room,1298_1.png,2581,930,2642,951,21,61
room,1298_1.png,2762,865,2820,888,23,58
room,1298_1.png,2699,949,2748,974,25,49
room,1298_1.png,2151,1269,2220,1303,34,69
room,1299_1.png,1055,1045,1306,1076,31,251
room,1299_1.png,1798,946,1846,972,26,48
room,1299_1.png,1858,907,1923,936,29,65
room,1299_1.png,1995,1050,2096,1078,28,101
room,1299_1.png,2109,925,2166,948,23,57
room,1299_1.png,2297,1075,2400,1102,27,103
room,1299_1.png,2316,1275,2373,1298,23,57
room,1299_1.png,2199,1485,2282,1518,33,83
room,1300_1.png,1087,714,1152,739,25,65
room,1300_1.png,1178,732,1224,756,24,46
room,1300_1.png,1277,674,1317,699,25,40
room,1300_1.png,1268,784,1331,808,24,63
room,1300_1.png,1741,814,1795,840,26,54
room,1300_1.png,1535,1430,1581,1452,22,46
room,1300_1.png,1757,1323,1848,1351,28,91
room,1300_1.png,1374,1494,1417,1520,26,43
room,1300_1.png,1036,914,1117,938,24,81
room,1300_1.png,973,1047,1013,1075,28,40
room,1301_1.png,1033,1050,1118,1080,30,85
room,1301_1.png,1260,1029,1344,1058,29,84
room,1301_1.png,1479,1109,1565,1133,24,86
room,1301_1.png,1859,1378,1932,1408,30,73
room,1301_1.png,2004,1421,2127,1444,23,123
room,1302_1.png,1313,557,1358,582,25,45
room,1302_1.png,874,789,954,813,24,80
room,1302_1.png,980,927,1063,950,23,83
room,1302_1.png,1003,1102,1109,1123,21,106
room,1302_1.png,1655,1139,1706,1170,31,51
room,1303_1.png,836,847,920,872,25,84
room,1303_1.png,950,713,1036,741,28,86
room,1303_1.png,945,849,1021,875,26,76
room,1303_1.png,966,1058,1086,1085,27,120
room,1303_1.png,1493,697,1686,725,28,193
room,1303_1.png,1732,1391,1873,1418,27,141
room,1303_1.png,1416,1361,1482,1388,27,66
room,1304_1.png,1461,776,1545,804,28,84
room,1304_1.png,1618,792,1701,820,28,83
room,1304_1.png,947,1000,1064,1031,31,117
room,1304_1.png,1425,1365,1512,1390,25,87
room,1304_1.png,1721,1371,1774,1400,29,53
room,1305_1.png,677,666,827,768,102,150
room,1305_1.png,1759,699,1876,723,24,117
room,1305_1.png,2195,708,2313,740,32,118
room,1305_1.png,2364,782,2517,857,75,153
room,1305_1.png,2477,1259,2546,1288,29,69
room,1305_1.png,2263,1260,2350,1284,24,87
room,1305_1.png,1830,1395,1888,1421,26,58
room,1305_1.png,1023,1428,1205,1525,97,182
room,1305_1.png,1743,1013,1799,1060,47,56
room,1305_1.png,724,1015,853,1045,30,129
room,1305_1.png,895,1016,1020,1045,29,125
room,1305_1.png,2307,1511,2478,1618,107,171
room,1306_1.png,1791,727,1882,753,26,91
room,1306_1.png,1587,671,1668,700,29,81
room,1306_1.png,1345,1087,1410,1115,28,65
room,1306_1.png,1746,1089,1809,1116,27,63
room,1306_1.png,1388,1340,1446,1366,26,58
room,1306_1.png,1383,1424,1446,1450,26,63
room,1306_1.png,704,1348,779,1381,33,75
room,1306_1.png,1742,1547,1817,1580,33,75
room,1306_1.png,2320,1357,2476,1388,31,156
room,1306_1.png,1443,1569,1515,1596,27,72
room,1310_1.png,1105,518,1174,553,35,69
room,1310_1.png,1104,668,1176,699,31,72
room,1310_1.png,1874,724,1922,768,44,48
room,1310_1.png,1172,865,1249,903,38,77
room,1310_1.png,1182,1033,1249,1075,42,67
room,1310_1.png,1447,899,1590,935,36,143
room,1311_1.png,1319,656,1429,730,74,110
room,1311_1.png,1501,661,1690,725,64,189
room,1311_1.png,1787,670,1978,720,50,191
room,1311_1.png,2082,656,2189,730,74,107
room,1311_1.png,1653,1053,1844,1098,45,191
room,1312_1.png,1283,559,1377,633,74,94
room,1312_1.png,1448,593,1521,634,41,73
room,1312_1.png,1425,678,1504,721,43,79
room,1312_1.png,1604,599,1668,642,43,64
room,1312_1.png,1814,591,1930,632,41,116
room,1312_1.png,1589,927,1763,969,42,174
room,1313_1.png,1347,1005,1490,1083,78,143
room,1313_1.png,1389,585,1453,631,46,64
room,1313_1.png,1647,601,1784,675,74,137
room,1313_1.png,1970,507,2033,538,31,63
room,1313_1.png,1943,763,2033,837,74,90
room,1314_1.png,545,527,635,567,40,90
room,1314_1.png,773,466,843,489,23,70
room,1314_1.png,587,755,671,781,26,84
room,1314_1.png,1899,712,1985,743,31,86
room,1314_1.png,2217,1100,2298,1131,31,81
room,1314_1.png,2575,1144,2677,1178,34,102
room,1315_1.png,2542,242,2613,294,52,71
room,1315_1.png,2451,232,2514,300,68,63
room,1315_1.png,2015,256,2149,313,57,134
room,1315_1.png,1340,221,1406,248,27,66
room,1315_1.png,1335,313,1406,333,20,71
room,1315_1.png,1336,397,1406,425,28,70
room,1315_1.png,1337,487,1406,517,30,69
room,1315_1.png,1236,1527,1327,1559,32,91
room,1315_1.png,1782,1518,1878,1550,32,96
room,1315_1.png,1938,1323,2038,1352,29,100
room,1315_1.png,2099,1378,2206,1406,28,107
room,1315_1.png,2238,1345,2330,1367,22,92
room,1315_1.png,2371,1331,2440,1358,27,69
room,1315_1.png,2489,1339,2585,1375,36,96
room,1316_1.png,1775,253,1866,308,55,91
room,1316_1.png,2180,1472,2255,1505,33,75
room,1316_1.png,1804,1409,1895,1435,26,91
room,1316_1.png,1569,1506,1660,1536,30,91
room,1316_1.png,1177,1371,1292,1406,35,115
room,1316_1.png,1056,1377,1166,1400,23,110
room,1316_1.png,1541,1917,1667,1981,64,126
room,1317_1.png,1622,820,1685,843,23,63
room,1318_1.png,1574,864,1663,900,36,89
room,1318_1.png,2048,854,2102,875,21,54
room,1318_1.png,2162,1018,2213,1043,25,51
room,1318_1.png,2642,1668,2678,1692,24,36
room,1319_1.png,2002,831,2051,859,28,49
room,1319_1.png,2211,1161,2286,1183,22,75
room,1319_1.png,2044,964,2097,990,26,53
room,1319_1.png,2723,1655,2762,1681,26,39
room,1319_1.png,1921,1204,1968,1235,31,47
room,1320_1.png,1954,1247,1994,1272,25,40
room,1322_1.png,889,854,949,887,33,60
room,1322_1.png,1328,775,1377,808,33,49
room,1322_1.png,1510,754,1575,791,37,65
room,1322_1.png,1562,865,1594,881,16,32
room,1322_1.png,1421,858,1452,876,18,31
room,1322_1.png,1793,758,1847,791,33,54
room,1322_1.png,1914,857,1942,876,19,28
room,1322_1.png,1775,867,1802,883,16,27
room,1322_1.png,2074,757,2128,792,35,54
room,1322_1.png,2121,862,2150,883,21,29
room,1322_1.png,1977,858,2015,876,18,38
room,1322_1.png,2351,757,2407,792,35,56
room,1322_1.png,2467,860,2501,876,16,34
room,1322_1.png,2331,865,2358,882,17,27
room,1322_1.png,2629,754,2686,791,37,57
room,1322_1.png,2750,858,2779,878,20,29
room,1322_1.png,2607,866,2641,883,17,34
room,1322_1.png,1446,971,1528,1019,48,82
room,1322_1.png,1274,959,1349,1007,48,75
room,1322_1.png,1285,1060,1332,1093,33,47
room,1322_1.png,1160,925,1205,955,30,45
room,1322_1.png,1140,1047,1223,1082,35,83
room,1322_1.png,2759,1221,2790,1238,17,31
room,1322_1.png,2898,1228,2931,1244,16,33
room,1322_1.png,2711,1298,2773,1333,35,62
room,1322_1.png,2132,1227,2161,1244,17,29
room,1322_1.png,2273,1221,2302,1236,15,29
room,1322_1.png,2294,1299,2352,1333,34,58
room,1322_1.png,1770,1221,1802,1238,17,32
room,1322_1.png,1911,1225,1943,1246,21,32
room,1322_1.png,1791,1299,1851,1331,32,60
room,1322_1.png,1422,1226,1451,1244,18,29
room,1322_1.png,1561,1221,1595,1238,17,34
room,1322_1.png,1284,1219,1313,1238,19,29
room,1322_1.png,1143,1225,1174,1245,20,31
room,1322_1.png,1237,1297,1292,1332,35,55
room,1323_1.png,1030,889,1088,923,34,58
room,1323_1.png,1235,754,1297,796,42,62
room,1323_1.png,1141,856,1177,879,23,36
room,1323_1.png,1285,866,1315,883,17,30
room,1323_1.png,1423,859,1451,876,17,28
room,1323_1.png,1563,864,1591,883,19,28
room,1323_1.png,1515,753,1574,795,42,59
room,1323_1.png,1795,758,1849,793,35,54
room,1323_1.png,1911,859,1942,876,17,31
room,1323_1.png,1770,866,1806,883,17,36
room,1323_1.png,2141,755,2196,792,37,55
room,1323_1.png,2118,865,2150,883,18,32
room,1323_1.png,1979,859,2009,876,17,30
room,1323_1.png,2558,755,2616,792,37,58
room,1323_1.png,2747,857,2780,878,21,33
room,1323_1.png,2609,866,2639,883,17,30
room,1323_1.png,1165,961,1215,994,33,50
room,1323_1.png,1260,931,1316,959,28,56
room,1323_1.png,1298,1034,1340,1064,30,42
room,1323_1.png,1385,1024,1438,1042,18,53
room,1323_1.png,1165,1037,1212,1067,30,47
room,1323_1.png,1515,1042,1546,1059,17,31
room,1323_1.png,1656,1034,1710,1065,31,54
room,1323_1.png,2899,1226,2932,1248,22,33
room,1323_1.png,2760,1223,2790,1240,17,30
room,1323_1.png,2711,1300,2774,1335,35,63
room,1323_1.png,2296,1301,2348,1336,35,52
room,1323_1.png,2271,1224,2301,1239,15,30
room,1323_1.png,2133,1230,2162,1245,15,29
room,1323_1.png,1914,1228,1943,1247,19,29
room,1323_1.png,1772,1225,1802,1239,14,30
room,1323_1.png,1792,1300,1852,1334,34,60
room,1323_1.png,1562,1223,1590,1240,17,28
room,1323_1.png,1420,1229,1452,1245,16,32
room,1323_1.png,1142,1226,1173,1247,21,31
room,1323_1.png,1283,1222,1314,1239,17,31
room,1323_1.png,1236,1299,1291,1335,36,55
room,1324_1.png,1332,1206,1412,1260,54,80
room,1324_1.png,1821,1208,1904,1252,44,83
room,1324_1.png,1756,1268,1795,1287,19,39
room,1324_1.png,1741,1329,1783,1348,19,42
room,1324_1.png,2060,746,2131,787,41,71
room,1325_1.png,1777,972,1834,993,21,57
room,1325_1.png,1781,779,1835,799,20,54
room,1325_1.png,1872,613,1926,635,22,54
room,1325_1.png,2090,609,2148,635,26,58
room,1325_1.png,2179,610,2236,636,26,57
room,1325_1.png,2416,609,2475,632,23,59
room,1325_1.png,2585,609,2640,632,23,55
room,1325_1.png,2750,609,2812,630,21,62
room,1325_1.png,2818,611,2874,631,20,56
room,1325_1.png,2993,661,3056,701,40,63
room,1325_1.png,2010,839,2078,865,26,68
room,1325_1.png,2124,837,2175,862,25,51
room,1325_1.png,2064,988,2127,1016,28,63
room,1325_1.png,2382,873,2420,905,32,38
room,1325_1.png,2585,1245,2637,1274,29,52
room,1325_1.png,2729,1573,2781,1598,25,52
room,1325_1.png,2732,1711,2782,1728,17,50
room,1325_1.png,2527,1862,2579,1886,24,52
room,1325_1.png,2382,1861,2432,1885,24,50
room,1325_1.png,2194,1862,2249,1888,26,55
room,1325_1.png,1980,1881,2020,1918,37,40
room,1325_1.png,1742,1861,1806,1885,24,64
room,1325_1.png,1873,1825,1915,1849,24,42
room,1325_1.png,1818,1503,1870,1527,24,52
room,1325_1.png,1994,1503,2044,1527,24,50
room,1325_1.png,2174,1503,2226,1526,23,52
room,1325_1.png,2341,1500,2397,1525,25,56
room,1325_1.png,2072,1202,2131,1227,25,59
room,1325_1.png,2325,1417,2382,1441,24,57
room,1325_1.png,1774,1242,1831,1266,24,57
room,1325_1.png,1772,1364,1830,1384,20,58
room,1325_1.png,1513,1039,1566,1064,25,53
room,1325_1.png,1107,1038,1161,1061,23,54
room,1325_1.png,1473,1196,1529,1219,23,56
room,1325_1.png,1309,1198,1361,1221,23,52
room,1325_1.png,1068,1194,1119,1221,27,51
room,1325_1.png,901,1194,953,1221,27,52
room,1325_1.png,719,1174,779,1198,24,60
room,1325_1.png,1336,1705,1390,1734,29,54
room,1326_1.png,1421,808,1508,843,35,87
room,1326_1.png,2142,719,2256,759,40,114
room,1326_1.png,2648,1022,2709,1058,36,61
room,1326_1.png,1997,1254,2090,1291,37,93
room,1326_1.png,1680,1029,1726,1063,34,46
room,1326_1.png,1680,1156,1729,1185,29,49
room,1326_1.png,1248,1195,1321,1234,39,73
room,1326_1.png,1781,1852,1872,1887,35,91
room,1326_1.png,2048,1956,2141,1993,37,93
room,1326_1.png,2461,1883,2685,1921,38,224
room,1327_1.png,404,646,604,686,40,200
room,1327_1.png,962,635,1144,680,45,182
room,1327_1.png,2350,725,2530,776,51,180
room,1327_1.png,917,1347,1113,1399,52,196
room,1328_1.png,1418,1231,1465,1249,18,47
room,1328_1.png,1537,936,1582,952,16,45
room,1328_1.png,1861,929,1915,952,23,54
room,1328_1.png,2140,1093,2166,1111,18,26
room,1328_1.png,2092,1131,2130,1148,17,38
room,1328_1.png,2093,1371,2123,1390,19,30
room,1328_1.png,2103,1403,2132,1420,17,29
room,1328_1.png,2086,1452,2133,1469,17,47
room,1328_1.png,2072,1483,2099,1503,20,27
room,1328_1.png,2097,1559,2151,1576,17,54
room,1328_1.png,1955,1424,1995,1441,17,40
room,1328_1.png,1359,1576,1405,1594,18,46
room,1328_1.png,1316,1559,1340,1574,15,24
room,1328_1.png,1307,1437,1334,1467,30,27
room,1328_1.png,1948,1257,1988,1279,22,40
room,1329_1.png,1548,947,1607,967,20,59
room,1329_1.png,1564,1082,1628,1100,18,64
room,1329_1.png,1555,1251,1589,1272,21,34
room,1329_1.png,1490,1358,1531,1378,20,41
room,1329_1.png,1626,1358,1681,1377,19,55
room,1329_1.png,1531,1462,1581,1482,20,50
room,1329_1.png,1813,1352,1868,1370,18,55
room,1329_1.png,2018,1354,2066,1371,17,48
room,1329_1.png,2185,1331,2251,1356,25,66
room,1329_1.png,2203,1449,2253,1469,20,50
room,1329_1.png,2211,1521,2257,1544,23,46
room,1329_1.png,2243,1078,2270,1090,12,27
room,1329_1.png,2208,1124,2234,1138,14,26
room,1330_1.png,1851,1019,1894,1035,16,43
room,1330_1.png,2170,904,2217,921,17,47
room,1330_1.png,2387,1078,2418,1096,18,31
room,1330_1.png,2328,1118,2376,1136,18,48
room,1330_1.png,2342,1294,2408,1312,18,66
room,1330_1.png,2348,1451,2400,1471,20,52
room,1330_1.png,2354,1528,2408,1546,18,54
room,1330_1.png,1933,1366,1985,1394,28,52
room,1331_1.png,1734,1039,1780,1057,18,46
room,1331_1.png,2372,1091,2399,1110,19,27
room,1331_1.png,2335,1136,2363,1157,21,28
room,1331_1.png,2328,1261,2393,1281,20,65
room,1331_1.png,2334,1378,2372,1397,19,38
room,1331_1.png,2333,1466,2383,1485,19,50
room,1331_1.png,2338,1544,2395,1560,16,57
room,1331_1.png,1918,1393,1965,1415,22,47
room,1334_1.png,1213,833,1270,854,21,57
room,1334_1.png,1297,809,1349,829,20,52
room,1334_1.png,1290,914,1324,932,18,34
room,1334_1.png,1298,944,1332,963,19,34
room,1334_1.png,1383,903,1425,922,19,42
room,1334_1.png,2044,817,2092,837,20,48
room,1334_1.png,2068,925,2100,941,16,32
room,1334_1.png,2055,956,2088,968,12,33
room,1334_1.png,2213,883,2268,906,23,55
room,1334_1.png,1975,911,2020,931,20,45
room,1335_1.png,1178,510,1278,548,38,100
room,1335_1.png,968,493,1044,522,29,76
room,1335_1.png,1008,674,1063,708,34,55
room,1335_1.png,1012,764,1062,786,22,50
room,1335_1.png,837,655,914,685,30,77
room,1336_1.png,2028,866,2092,889,23,64
room,1336_1.png,2217,860,2268,885,25,51
room,1336_1.png,2308,864,2358,885,21,50
room,1336_1.png,2371,834,2421,855,21,50
room,1336_1.png,2382,890,2414,911,21,32
room,1336_1.png,2738,862,2783,883,21,45
room,1336_1.png,2644,1038,2689,1060,22,45
room,1336_1.png,2492,1057,2548,1078,21,56
room,1336_1.png,2437,1060,2476,1076,16,39
room,1336_1.png,2299,1053,2378,1078,25,79
room,1336_1.png,2077,1078,2153,1098,20,76
room,1336_1.png,1982,1063,2014,1080,17,32
room,1337_1.png,859,845,906,863,18,47
room,1337_1.png,1007,882,1070,901,19,63
room,1337_1.png,1118,897,1150,915,18,32
room,1337_1.png,1183,894,1215,915,21,32
room,1337_1.png,1247,896,1279,915,19,32
room,1337_1.png,1313,896,1344,916,20,31
room,1337_1.png,1400,895,1439,917,22,39
room,1337_1.png,1531,895,1566,916,21,35
room,1337_1.png,1650,847,1696,865,18,46
room,1337_1.png,1779,877,1825,895,18,46
room,1337_1.png,1873,850,1919,870,20,46
room,1337_1.png,1873,910,1933,928,18,60
room,1337_1.png,1997,881,2057,898,17,60
room,1337_1.png,2070,852,2115,868,16,45
room,1337_1.png,2128,880,2173,896,16,45
room,1337_1.png,2184,879,2243,897,18,59
room,1337_1.png,2289,874,2335,895,21,46
room,1337_1.png,2391,896,2420,913,17,29
room,1337_1.png,2451,898,2481,912,14,30
room,1337_1.png,2568,853,2626,872,19,58
room,1337_1.png,2638,895,2669,916,21,31
room,1337_1.png,2709,896,2742,915,19,33
room,1337_1.png,2767,895,2799,916,21,32
room,1337_1.png,2827,897,2859,914,17,32
room,1337_1.png,2800,1092,2834,1112,20,34
room,1337_1.png,2671,1093,2701,1110,17,30
room,1337_1.png,2539,1092,2576,1112,20,37
room,1337_1.png,2420,1092,2452,1110,18,32
room,1337_1.png,2296,1091,2329,1112,21,33
room,1337_1.png,2169,1092,2204,1111,19,35
room,1337_1.png,2043,1094,2076,1110,16,33
room,1337_1.png,1665,1090,1702,1114,24,37
room,1337_1.png,1532,1091,1568,1112,21,36
room,1337_1.png,1405,1090,1445,1113,23,40
room,1337_1.png,1280,1094,1321,1109,15,41
room,1337_1.png,1151,1088,1191,1114,26,40
room,1338_1.png,2798,879,2833,903,24,35
room,1338_1.png,2738,881,2776,905,24,38
room,1338_1.png,2769,1062,2804,1087,25,35
room,1338_1.png,2644,1063,2679,1088,25,35
room,1338_1.png,2521,1061,2561,1086,25,40
room,1338_1.png,2399,1063,2432,1087,24,33
room,1338_1.png,2270,1063,2307,1087,24,37
room,1338_1.png,2152,1060,2196,1089,29,44
room,1338_1.png,2672,880,2707,903,23,35
room,1338_1.png,2613,881,2649,903,22,36
room,1338_1.png,2429,881,2464,904,23,35
room,1338_1.png,2543,842,2600,863,21,57
room,1338_1.png,2367,883,2402,900,17,35
room,1338_1.png,2304,883,2340,900,17,36
room,1338_1.png,2245,883,2276,901,18,31
room,1338_1.png,2186,883,2217,900,17,31
room,1338_1.png,2116,881,2150,901,20,34
room,1338_1.png,2009,839,2073,856,17,64
room,1338_1.png,1999,892,2045,911,19,46
room,1338_1.png,1860,859,1919,877,18,59
room,1338_1.png,1758,890,1808,909,19,50
room,1338_1.png,1529,883,1567,901,18,38
room,1338_1.png,1413,883,1444,901,18,31
room,1338_1.png,1314,882,1348,902,20,34
room,1338_1.png,1249,882,1281,902,20,32
room,1338_1.png,1189,882,1223,900,18,34
room,1338_1.png,1127,881,1161,901,20,34
room,1338_1.png,1023,860,1087,878,18,64
room,1338_1.png,895,862,945,880,18,50
room,1338_1.png,1160,1068,1189,1082,14,29
room,1338_1.png,1289,1066,1318,1081,15,29
room,1338_1.png,1409,1066,1441,1083,17,32
room,1338_1.png,1531,1065,1565,1084,19,34
room,1338_1.png,1655,1065,1688,1084,19,33
room,1338_1.png,2025,1067,2056,1083,16,31
room,1343_1.png,1535,661,1613,700,39,78
room,1343_1.png,1736,648,1806,702,54,70
room,1343_1.png,1379,646,1445,697,51,66
room,1343_1.png,1317,661,1372,698,37,55
room,1343_1.png,1059,674,1133,715,41,74
room,1343_1.png,956,787,1034,824,37,78
room,1343_1.png,1016,889,1084,928,39,68
room,1343_1.png,1105,975,1175,1012,37,70
room,1343_1.png,1227,941,1299,977,36,72
room,1343_1.png,1522,1009,1607,1098,89,85
room,1343_1.png,1820,1068,1893,1104,36,73
room,1343_1.png,388,745,455,761,16,67
room,1343_1.png,384,984,443,1005,21,59
room,1343_1.png,463,992,491,1011,19,28
room,1343_1.png,384,1048,457,1086,38,73
room,1343_1.png,608,1032,670,1070,38,62
room,1343_1.png,2109,875,2179,910,35,70
room,1343_1.png,2180,875,2251,909,34,71
room,1343_1.png,2335,874,2427,913,39,92
room,1343_1.png,2470,876,2564,911,35,94
room,1343_1.png,2248,996,2367,1094,98,119
room,1344_1.png,1209,945,1252,1100,155,43
room,1344_1.png,1272,935,1353,1055,120,81
room,1344_1.png,1255,1121,1331,1240,119,76
room,1344_1.png,1064,950,1145,1069,119,81
room,1344_1.png,1110,1580,1204,1713,133,94
room,1344_1.png,2097,935,2132,1097,162,35
room,1344_1.png,510,1034,611,1309,275,101
room,1344_1.png,531,1539,614,1703,164,83
room,1354_1.png,457,417,493,444,27,36
room,1354_1.png,618,721,678,749,28,60
room,1354_1.png,1549,453,1622,485,32,73
room,1354_1.png,2570,770,2615,793,23,45
room,1354_1.png,2631,966,2658,994,28,27
room,1354_1.png,1397,656,1424,680,24,27
room,1354_1.png,1050,1435,1132,1464,29,82
room,1354_1.png,1726,732,1773,764,32,47
room,1355_1.png,1088,510,1166,576,66,78
room,1355_1.png,1392,655,1431,687,32,39
room,1355_1.png,1248,441,1285,460,19,37
room,1355_1.png,1087,729,1152,756,27,65
room,1355_1.png,1504,761,1535,780,19,31
room,1355_1.png,1779,756,1806,778,22,27
room,1355_1.png,2194,801,2233,825,24,39
room,1355_1.png,2339,890,2402,915,25,63
room,1355_1.png,2639,861,2711,930,69,72
room,1355_1.png,2459,1236,2541,1338,102,82
room,1355_1.png,1884,1010,1957,1097,87,73
room,1355_1.png,1223,1020,1307,1131,111,84
room,1355_1.png,663,671,774,786,115,111
room,1355_1.png,655,1252,759,1319,67,104
room,1356_1.png,651,1266,754,1335,69,103
room,1356_1.png,663,685,774,803,118,111
room,1356_1.png,1087,526,1163,592,66,76
room,1356_1.png,1088,745,1152,773,28,64
room,1356_1.png,1250,460,1281,481,21,31
room,1356_1.png,1395,679,1428,703,24,33
room,1356_1.png,1501,773,1538,802,29,37
room,1356_1.png,1777,772,1805,798,26,28
room,1356_1.png,2197,821,2233,842,21,36
room,1356_1.png,2336,907,2407,931,24,71
room,1356_1.png,2629,1258,2696,1344,86,67
room,1356_1.png,1876,1028,1961,1114,86,85
room,1356_1.png,1223,1036,1309,1149,113,86
room,1356_1.png,2636,875,2718,953,78,82
room,1357_1.png,1023,1084,1049,1107,23,26
room,1357_1.png,1144,1059,1211,1084,25,67
room,1357_1.png,1098,1201,1148,1228,27,50
room,1357_1.png,1557,1069,1621,1093,24,64
room,1357_1.png,1648,1208,1696,1237,29,48
room,1357_1.png,1473,1171,1534,1224,53,61
room,1357_1.png,2074,1226,2113,1251,25,39
room,1357_1.png,2075,1370,2098,1392,22,23
room,1357_1.png,1325,1561,1398,1582,21,73
room,1358_1.png,428,742,521,1667,925,93
room,1358_1.png,1186,1387,1252,1416,29,66
room,1358_1.png,1333,1389,1396,1415,26,63
room,1358_1.png,1477,1389,1538,1414,25,61
room,1358_1.png,1619,1386,1681,1419,33,62
room,1358_1.png,1762,1389,1828,1414,25,66
room,1358_1.png,1904,1384,1970,1417,33,66
room,1358_1.png,2047,1388,2112,1413,25,65
room,1358_1.png,2191,1387,2255,1415,28,64
room,1358_1.png,2364,1326,2408,1352,26,44
room,1358_1.png,2366,1243,2406,1268,25,40
room,1358_1.png,2301,1146,2367,1176,30,66
room,1358_1.png,2321,1023,2373,1053,30,52
room,1358_1.png,2238,1037,2286,1066,29,48
room,1358_1.png,2219,1105,2282,1133,28,63
room,1358_1.png,2108,1143,2175,1192,49,67
room,1358_1.png,1819,858,1883,884,26,64
room,1358_1.png,1727,797,1790,824,27,63
room,1358_1.png,1702,932,1774,961,29,72
room,1358_1.png,1704,1102,1769,1131,29,65
room,1358_1.png,1712,1171,1759,1197,26,47
room,1358_1.png,1576,907,1643,936,29,67
room,1358_1.png,1423,1066,1487,1093,27,64
room,1358_1.png,1255,1172,1302,1195,23,47
room,1359_1.png,1236,1174,1281,1202,28,45
room,1359_1.png,1502,1175,1543,1198,23,41
room,1359_1.png,1188,1388,1251,1413,25,63
room,1359_1.png,1333,1386,1398,1415,29,65
room,1359_1.png,1474,1389,1538,1415,26,64
room,1359_1.png,1618,1388,1685,1415,27,67
room,1359_1.png,1765,1384,1828,1417,33,63
room,1359_1.png,1905,1389,1972,1415,26,67
room,1359_1.png,2049,1389,2113,1413,24,64
room,1359_1.png,2199,1391,2262,1414,23,63
room,1359_1.png,2184,1183,2227,1206,23,43
room,1359_1.png,2210,1144,2275,1171,27,65
room,1359_1.png,2308,1151,2368,1174,23,60
room,1359_1.png,2230,1055,2279,1082,27,49
room,1359_1.png,2307,1059,2350,1085,26,43
room,1359_1.png,2074,1049,2140,1075,26,66
room,1359_1.png,1901,1049,1969,1076,27,68
room,1359_1.png,1985,1160,2029,1183,23,44
room,1359_1.png,1773,1049,1838,1078,29,65
room,1359_1.png,1591,1049,1654,1074,25,63
room,1360_1.png,450,589,550,617,28,100
room,1360_1.png,708,585,803,613,28,95
room,1360_1.png,962,584,1061,612,28,99
room,1360_1.png,1146,584,1245,612,28,99
room,1360_1.png,1456,581,1554,610,29,98
room,1360_1.png,1702,586,1799,616,30,97
room,1360_1.png,1915,586,2014,615,29,99
room,1360_1.png,2143,584,2240,614,30,97
room,1360_1.png,2426,582,2524,614,32,98
room,1360_1.png,2659,584,2761,615,31,102
room,1360_1.png,2893,823,2992,852,29,99
room,1360_1.png,2867,1106,2974,1135,29,107
room,1360_1.png,2380,1106,2478,1136,30,98
room,1360_1.png,1221,1096,1330,1123,27,109
room,1360_1.png,1759,1404,1862,1437,33,103
room,1360_1.png,546,1404,644,1436,32,98
room,1360_1.png,385,906,465,929,23,80
room,1362_1.png,1653,690,1727,722,32,74
room,1362_1.png,1894,691,1974,722,31,80
room,1362_1.png,1944,1004,2025,1034,30,81
room,1362_1.png,1961,1078,2017,1107,29,56
room,1362_1.png,1959,1196,2018,1225,29,59
room,1362_1.png,1512,1487,1599,1517,30,87
room,1362_1.png,1512,1075,1595,1110,35,83
room,1363_1.png,1380,597,1450,632,35,70
room,1363_1.png,1631,574,1688,606,32,57
room,1363_1.png,1861,571,1914,609,38,53
room,1363_1.png,1666,685,1751,716,31,85
room,1363_1.png,1875,780,1932,810,30,57
room,1363_1.png,1388,819,1437,855,36,49
room,1363_1.png,1664,854,1696,889,35,32
room,1363_1.png,1290,1102,1351,1135,33,61
room,1363_1.png,1639,1085,1731,1116,31,92
room,1363_1.png,1531,1086,1616,1116,30,85
room,1363_1.png,1664,1334,1724,1374,40,60
room,1363_1.png,1351,1608,1419,1645,37,68
room,1363_1.png,1564,1590,1624,1626,36,60
room,1364_1.png,1252,120,2114,285,165,862
room,1364_1.png,1439,598,1509,634,36,70
room,1364_1.png,1696,582,1748,617,35,52
room,1364_1.png,1926,578,1978,615,37,52
room,1364_1.png,1720,690,1812,715,25,92
room,1364_1.png,1935,777,1999,821,44,64
room,1364_1.png,1445,817,1503,868,51,58
room,1364_1.png,1720,862,1758,890,28,38
room,1364_1.png,1585,1087,1681,1122,35,96
room,1364_1.png,1704,1084,1795,1119,35,91
room,1364_1.png,1354,1101,1410,1139,38,56
room,1364_1.png,1725,1341,1786,1374,33,61
room,1364_1.png,1626,1602,1678,1633,31,52
room,1364_1.png,1615,1517,1707,1695,178,92
room,1364_1.png,1742,1627,1785,1656,29,43
room,1365_1.png,1601,1595,1659,1625,30,58
room,1365_1.png,1715,1623,1757,1649,26,42
room,1365_1.png,1694,1338,1752,1370,32,58
room,1365_1.png,1399,1613,1459,1642,29,60
room,1365_1.png,1460,1391,1499,1417,26,39
room,1365_1.png,1324,1104,1390,1138,34,66
room,1365_1.png,1566,1087,1654,1116,29,88
room,1365_1.png,1681,1087,1763,1117,30,82
room,1365_1.png,1918,780,1976,815,35,58
room,1365_1.png,1701,715,1786,744,29,85
room,1365_1.png,1427,824,1470,856,32,43
room,1365_1.png,1702,859,1728,888,29,26
room,1365_1.png,1417,656,1477,687,31,60
room,1365_1.png,1671,622,1722,652,30,51
room,1365_1.png,1892,621,1954,652,31,62
room,1366-2_1.png,1447,1313,1521,1354,41,74
room,1366-2_1.png,1910,1085,1971,1120,35,61
room,1366-2_1.png,1915,1204,1969,1237,33,54
room,1366-2_1.png,1894,1008,1977,1042,34,83
room,1366-2_1.png,1763,1043,1831,1074,31,68
room,1366-2_1.png,1327,748,1386,787,39,59
room,1366_1.png,1467,648,1527,687,39,60
room,1366_1.png,1714,619,1769,647,28,55
room,1366_1.png,1940,614,2019,654,40,79
room,1366_1.png,1752,716,1834,742,26,82
room,1366_1.png,1468,825,1504,854,29,36
room,1366_1.png,1746,852,1781,884,32,35
room,1366_1.png,1962,771,2017,801,30,55
room,1366_1.png,1376,1076,1438,1109,33,62
room,1366_1.png,1733,1064,1817,1090,26,84
room,1366_1.png,1615,1061,1703,1088,27,88
room,1366_1.png,1744,1311,1809,1343,32,65
room,1366_1.png,1510,1363,1552,1390,27,42
room,1366_1.png,1692,1141,1717,1166,25,25
room,1366_1.png,1440,1580,1508,1614,34,68
room,1366_1.png,1767,1593,1815,1624,31,48
room,1366_1.png,1656,1563,1713,1598,35,57
room,1367_1.png,1872,1004,1958,1041,37,86
room,1367_1.png,1886,1199,1946,1234,35,60
room,1368_1.png,1623,826,1684,850,24,61
room,1369_1.png,1552,877,1644,898,21,92
room,1369_1.png,1997,921,2043,944,23,46
room,1369_1.png,2065,1060,2113,1080,20,48
room,1369_1.png,2629,1668,2661,1691,23,32
room,1370_1.png,1991,837,2041,865,28,50
room,1370_1.png,2040,978,2091,997,19,51
room,1370_1.png,2205,1170,2279,1192,22,74
room,1370_1.png,2717,1660,2753,1683,23,36
room,1371_1.png,1938,1252,1983,1273,21,45
room,1372_1.png,1145,535,1236,575,40,91
room,1372_1.png,1321,1209,1443,1286,77,122
room,1372_1.png,1358,1466,1420,1532,66,62
room,1372_1.png,1768,1681,1861,1718,37,93
room,1372_1.png,1463,1681,1536,1751,70,73
room,1373_1.png,2124,1370,2316,1414,44,192
room,1373_1.png,1958,748,2065,791,43,107
room,1373_1.png,1334,1207,1459,1288,81,125
room,1373_1.png,1359,1464,1438,1542,78,79
room,1373_1.png,1737,1674,1839,1731,57,102
room,1373_1.png,1444,1710,1563,1791,81,119
room,1374_1.png,1152,561,1253,629,68,101
room,1374_1.png,1137,727,1200,769,42,63
room,1374_1.png,1394,507,1506,577,70,112
room,1374_1.png,1384,657,1500,692,35,116
room,1374_1.png,2069,1220,2148,1267,47,79
room,1374_1.png,1787,1302,1859,1349,47,72
room,1374_1.png,1230,1406,1303,1441,35,73
room,1374_1.png,1268,1214,1381,1277,63,113
room,1374_1.png,2136,1601,2187,1643,42,51
room,1374_1.png,1808,1713,1836,1754,41,28
room,1374_1.png,1644,1555,1710,1592,37,66
room,1374_1.png,1584,1676,1689,1747,71,105
room,1374_1.png,1481,1550,1576,1618,68,95
room,1374_1.png,1272,1610,1375,1657,47,103
room,1375_1.png,1209,478,1317,532,54,108
room,1375_1.png,1179,654,1250,699,45,71
room,1375_1.png,1535,473,1605,524,51,70
room,1375_1.png,1784,427,1855,501,74,71
room,1375_1.png,1153,201,1221,242,41,68
room,1375_1.png,2148,518,2230,563,45,82
room,1375_1.png,2130,877,2371,924,47,241
room,1375_1.png,2150,1187,2240,1226,39,90
room,1375_1.png,2024,1664,2114,1706,42,90
room,1375_1.png,1794,1596,1859,1663,67,65
room,1375_1.png,1569,1521,1723,1604,83,154
room,1375_1.png,1264,1389,1328,1429,40,64
room,1375_1.png,1338,1176,1463,1250,74,125
room,1376_1.png,496,523,537,545,22,41
room,1376_1.png,881,634,918,655,21,37
room,1376_1.png,917,930,1000,956,26,83
room,1376_1.png,880,1026,919,1045,19,39
room,1376_1.png,625,667,735,782,115,110
room,1376_1.png,1584,688,1628,717,29,44
room,1376_1.png,1431,631,1506,681,50,75
room,1376_1.png,1683,742,1744,767,25,61
room,1376_1.png,1828,546,1938,628,82,110
room,1376_1.png,2149,494,2226,521,27,77
room,1376_1.png,2600,546,2719,567,21,119
room,1376_1.png,2583,670,2684,784,114,101
room,1376_1.png,2581,1158,2680,1272,114,99
room,1376_1.png,2150,961,2200,990,29,50
room,1376_1.png,2110,1199,2245,1223,24,135
room,1376_1.png,2050,1004,2092,1030,26,42
room,1376_1.png,1996,1151,2038,1172,21,42
room,1376_1.png,1784,1075,1893,1187,112,109
room,1376_1.png,1534,961,1572,985,24,38
room,1376_1.png,1192,1074,1311,1190,116,119
room,1388_1.png,1864,423,1944,444,21,80
room,1388_1.png,1734,559,1822,582,23,88
room,1388_1.png,2004,460,2068,506,46,64
room,1388_1.png,2116,477,2180,498,21,64
room,1388_1.png,1902,719,1941,741,22,39
room,1388_1.png,1979,698,2077,718,20,98
room,1388_1.png,2445,672,2511,700,28,66
room,1388_1.png,1727,936,1826,964,28,99
room,1388_1.png,1685,717,1762,739,22,77
room,1388_1.png,1416,942,1523,964,22,107
room,1388_1.png,1347,1259,1432,1277,18,85
room,1388_1.png,1536,1257,1622,1276,19,86
room,1388_1.png,1438,1398,1533,1442,44,95
room,1388_1.png,1662,1411,1736,1433,22,74
room,1388_1.png,1791,1353,1852,1392,39,61
room,1388_1.png,1791,1455,1890,1478,23,99
room,1388_1.png,1946,1375,2003,1401,26,57
room,1388_1.png,2026,1401,2102,1427,26,76
room,1388_1.png,1056,1379,1133,1402,23,77
room,1388_1.png,894,1205,948,1251,46,54
room,1392_1.png,952,834,1019,868,34,67
room,1392_1.png,1140,821,1193,858,37,53
room,1392_1.png,1233,851,1275,891,40,42
room,1392_1.png,832,832,859,852,20,27
room,1392_1.png,1742,804,1778,845,41,36
room,1392_1.png,1802,808,1837,844,36,35
room,1392_1.png,1953,701,1996,735,34,43
room,1392_1.png,1958,807,1996,839,32,38
room,1392_1.png,1952,626,1999,658,32,47
room,1396_1.png,1405,460,1539,502,42,134
room,1396_1.png,1624,287,1792,331,44,168
room,1396_1.png,1433,673,1531,717,44,98
room,1396_1.png,1541,891,1631,939,48,90
room,1397_1.png,1543,1132,1721,1170,38,178
room,1397_1.png,1508,1383,1691,1414,31,183
room,1397_1.png,1728,1506,1812,1537,31,84
room,1397_1.png,1709,1648,1766,1687,39,57
room,1397_1.png,1716,1793,1777,1827,34,61
room,1398_1.png,1483,840,1574,878,38,91
room,1398_1.png,1502,1076,1584,1125,49,82
room,1399_1.png,1599,579,1698,624,45,99
room,1399_1.png,1554,1132,1722,1175,43,168
room,1399_1.png,1531,1395,1718,1428,33,187
room,1399_1.png,1739,1508,1831,1553,45,92
room,1399_1.png,1738,1659,1802,1697,38,64
room,1399_1.png,1721,1803,1783,1838,35,62
room,1400_1.png,726,1681,771,1703,22,45
room,1400_1.png,848,1764,892,1781,17,44
room,1400_1.png,983,668,1047,698,30,64
room,1400_1.png,1063,970,1144,1019,49,81
room,1400_1.png,2477,1087,2556,1141,54,79
room,1400_1.png,2477,1371,2562,1423,52,85
room,1400_1.png,2330,1647,2435,1693,46,105
room,1401_1.png,734,1667,789,1697,30,55
room,1401_1.png,855,1753,906,1776,23,51
room,1402_1.png,751,1711,798,1733,22,47
room,1402_1.png,846,1740,894,1759,19,48
room,1403_1.png,629,1214,687,1237,23,58
room,1403_1.png,939,1462,995,1486,24,56
room,1403_1.png,1729,1467,1789,1492,25,60
room,1404_1.png,1157,1081,1229,1104,23,72
room,1404_1.png,1417,1071,1479,1102,31,62
room,1404_1.png,1690,1070,1745,1105,35,55
room,1404_1.png,2207,1142,2275,1168,26,68
room,1405_1.png,596,771,641,792,21,45
room,1405_1.png,735,769,784,792,23,49
room,1405_1.png,884,762,927,787,25,43
room,1405_1.png,1108,761,1156,790,29,48
room,1405_1.png,1260,763,1306,788,25,46
room,1405_1.png,753,899,782,921,22,29
room,1405_1.png,1396,761,1422,786,25,26
room,1405_1.png,1264,898,1304,916,18,40
room,1405_1.png,1483,782,1529,810,28,46
room,1405_1.png,1700,819,1731,843,24,31
room,1405_1.png,1894,769,1941,793,24,47
room,1405_1.png,2043,729,2075,752,23,32
room,1405_1.png,2504,821,2545,850,29,41
room,1405_1.png,2506,1005,2547,1027,22,41
room,1405_1.png,2409,1152,2438,1173,21,29
room,1405_1.png,2408,1220,2436,1242,22,28
room,1405_1.png,2409,1331,2434,1354,23,25
room,1405_1.png,2512,1197,2555,1222,25,43
room,1405_1.png,2513,1340,2556,1364,24,43
room,1405_1.png,2343,1197,2374,1218,21,31
room,1405_1.png,2322,1185,2398,1228,43,76
room,1405_1.png,2318,1314,2359,1335,21,41
room,1405_1.png,2168,1200,2197,1221,21,29
room,1405_1.png,2089,1199,2116,1221,22,27
room,1405_1.png,2191,1314,2231,1337,23,40
room,1405_1.png,2052,1318,2094,1337,19,42
room,1405_1.png,1918,1316,1962,1340,24,44
room,1405_1.png,1791,1317,1832,1339,22,41
room,1405_1.png,1905,1199,1936,1224,25,31
room,1405_1.png,1817,1201,1848,1224,23,31
room,1405_1.png,1637,1201,1668,1225,24,31
room,1405_1.png,1561,1202,1593,1226,24,32
room,1405_1.png,1653,1316,1701,1344,28,48
room,1405_1.png,1523,1318,1571,1344,26,48
room,1405_1.png,1380,1204,1409,1226,22,29
room,1405_1.png,1392,1319,1437,1346,27,45
room,1405_1.png,1291,1207,1323,1228,21,32
room,1405_1.png,1264,1296,1307,1318,22,43
room,1405_1.png,1132,1296,1176,1319,23,44
room,1405_1.png,1115,1206,1142,1228,22,27
room,1405_1.png,1030,1209,1058,1230,21,28
room,1405_1.png,1001,1297,1044,1320,23,43
room,1405_1.png,851,1208,881,1230,22,30
room,1405_1.png,864,1300,908,1322,22,44
room,1405_1.png,723,1309,775,1333,24,52
room,1406_1.png,405,166,441,197,31,36
room,1406_1.png,484,171,522,192,21,38
room,1406_1.png,572,170,614,195,25,42
room,1406_1.png,518,283,554,301,18,36
room,1406_1.png,988,158,1059,190,32,71
room,1406_1.png,1219,152,1254,174,22,35
room,1406_1.png,1560,157,1599,183,26,39
room,1406_1.png,1388,153,1430,180,27,42
room,1406_1.png,1676,124,1723,139,15,47
room,1406_1.png,1678,222,1721,280,58,43
room,1406_1.png,1794,167,1884,195,28,90
room,1406_1.png,2086,92,2127,116,24,41
room,1406_1.png,2200,79,2226,95,16,26
room,1406_1.png,2285,171,2374,196,25,89
room,1406_1.png,2026,199,2065,278,79,39
